  0.0000000000e+00   0.0000000000e+00
  5.0000000000e-01   1.1298839030e+00
  1.0000000000e+00   1.1564543428e+00
  1.5000000000e+00   1.1832199905e+00
  2.0000000000e+00   1.2099057091e+00
  2.5000000000e+00   1.2364450410e+00
  3.0000000000e+00   1.2627589919e+00
  3.5000000000e+00   1.2887628876e+00
  4.0000000000e+00   1.3143714881e+00
  4.5000000000e+00   1.3395027048e+00
  5.0000000000e+00   1.3640802072e+00
  5.5000000000e+00   1.3880351513e+00
  6.0000000000e+00   1.4113072244e+00
  6.5000000000e+00   1.4338451625e+00
  7.0000000000e+00   1.4556068676e+00
  7.5000000000e+00   1.4765592282e+00
  8.0000000000e+00   1.4966777263e+00
  8.5000000000e+00   1.5159458957e+00
  9.0000000000e+00   1.5343546848e+00
  9.5000000000e+00   1.5519017638e+00
  1.0000000000e+01   1.5685908082e+00
  1.0500000000e+01   1.5844307818e+00
  1.1000000000e+01   1.5994352374e+00
  1.1500000000e+01   1.6136216477e+00
  1.2000000000e+01   1.6270107755e+00
  1.2500000000e+01   1.6396260881e+00
  1.3000000000e+01   1.6514932199e+00
  1.3500000000e+01   1.6626394844e+00
  1.4000000000e+01   1.6730934356e+00
  1.4500000000e+01   1.6828844767e+00
  1.5000000000e+01   1.6920425156e+00
  1.5500000000e+01   1.7005976637e+00
  1.6000000000e+01   1.7085799755e+00
  1.6500000000e+01   1.7160192263e+00
  1.7000000000e+01   1.7229447235e+00
  1.7500000000e+01   1.7293851506e+00
  1.8000000000e+01   1.7353684386e+00
  1.8500000000e+01   1.7409216631e+00
  1.9000000000e+01   1.7460709636e+00
  1.9500000000e+01   1.7508414832e+00
  2.0000000000e+01   1.7552573241e+00
  2.0500000000e+01   1.7593415197e+00
  2.1000000000e+01   1.7631160175e+00
  2.1500000000e+01   1.7666016743e+00
  2.2000000000e+01   1.7698182606e+00
  2.2500000000e+01   1.7727844736e+00
  2.3000000000e+01   1.7755179575e+00
  2.3500000000e+01   1.7780353318e+00
  2.4000000000e+01   1.7803522229e+00
  2.4500000000e+01   1.7824833012e+00
  2.5000000000e+01   1.7844423190e+00
  2.5500000000e+01   1.7862421497e+00
  2.6000000000e+01   1.7878948279e+00
  2.6500000000e+01   1.7894115889e+00
  2.7000000000e+01   1.7908029085e+00
  2.7500000000e+01   1.7920785420e+00
  2.8000000000e+01   1.7932475633e+00
  2.8500000000e+01   1.7943184030e+00
  2.9000000000e+01   1.7952988856e+00
  2.9500000000e+01   1.7961962657e+00
  3.0000000000e+01   1.7970172628e+00
  3.0500000000e+01   1.7977680952e+00
  3.1000000000e+01   1.7984545125e+00
  3.1500000000e+01   1.7990818261e+00
  3.2000000000e+01   1.7996549386e+00
  3.2500000000e+01   1.8001783723e+00
  3.3000000000e+01   1.8006562950e+00
  3.3500000000e+01   1.8010925454e+00
  3.4000000000e+01   1.8014906564e+00
  3.4500000000e+01   1.8018538777e+00
  3.5000000000e+01   1.8021851963e+00
  3.5500000000e+01   1.8024873561e+00
  3.6000000000e+01   1.8027628763e+00
  3.6500000000e+01   1.8030140685e+00
  3.7000000000e+01   1.8032430523e+00
  3.7500000000e+01   1.8034517708e+00
  3.8000000000e+01   1.8036420038e+00
  3.8500000000e+01   1.8038153811e+00
  3.9000000000e+01   1.8039733943e+00
  3.9500000000e+01   1.8041174078e+00
  4.0000000000e+01   1.8042486692e+00
  4.0500000000e+01   1.8043683187e+00
  4.1000000000e+01   1.8044773980e+00
  4.1500000000e+01   1.8045768583e+00
  4.2000000000e+01   1.8046675680e+00
  4.2500000000e+01   1.8047503195e+00
  4.3000000000e+01   1.8048258352e+00
  4.3500000000e+01   1.8048947743e+00
  4.4000000000e+01   1.8049577372e+00
  4.4500000000e+01   1.8050152713e+00
  4.5000000000e+01   1.8050678748e+00
  4.5500000000e+01   1.8051160016e+00
  4.6000000000e+01   1.8051600647e+00
  4.6500000000e+01   1.8052004401e+00
  4.7000000000e+01   1.8052374697e+00
  4.7500000000e+01   1.8052714643e+00
  4.8000000000e+01   1.8053027068e+00
  4.8500000000e+01   1.8053314538e+00
  4.9000000000e+01   1.8053579390e+00
  4.9500000000e+01   1.8053823744e+00
  5.0000000000e+01   1.8054049525e+00
  5.0500000000e+01   1.8054258481e+00
  5.1000000000e+01   1.8054452199e+00
  5.1500000000e+01   1.8054632119e+00
  5.2000000000e+01   1.8054799548e+00
  5.2500000000e+01   1.8054955670e+00
  5.3000000000e+01   1.8055101559e+00
  5.3500000000e+01   1.8055238190e+00
  5.4000000000e+01   1.8055366445e+00
  5.4500000000e+01   1.8055487124e+00
  5.5000000000e+01   1.8055600953e+00
  5.5500000000e+01   1.8055708587e+00
  5.6000000000e+01   1.8055810621e+00
  5.6500000000e+01   1.8055907594e+00
  5.7000000000e+01   1.8055999992e+00
  5.7500000000e+01   1.8056088257e+00
  5.8000000000e+01   1.8056172788e+00
  5.8500000000e+01   1.8056253946e+00
  5.9000000000e+01   1.8056332057e+00
  5.9500000000e+01   1.8056407418e+00
  6.0000000000e+01   1.8056480295e+00
  6.0500000000e+01   1.8056550929e+00
  6.1000000000e+01   1.8056619540e+00
  6.1500000000e+01   1.8056686323e+00
  6.2000000000e+01   1.8056751458e+00
  6.2500000000e+01   1.8056815106e+00
  6.3000000000e+01   1.8056877413e+00
  6.3500000000e+01   1.8056938509e+00
  6.4000000000e+01   1.8056998513e+00
  6.4500000000e+01   1.8057057533e+00
  6.5000000000e+01   1.8057115665e+00
  6.5500000000e+01   1.8057172997e+00
  6.6000000000e+01   1.8057229608e+00
  6.6500000000e+01   1.8057285568e+00
  6.7000000000e+01   1.8057340942e+00
  6.7500000000e+01   1.8057395788e+00
  6.8000000000e+01   1.8057450158e+00
  6.8500000000e+01   1.8057504100e+00
  6.9000000000e+01   1.8057557655e+00
  6.9500000000e+01   1.8057610862e+00
  7.0000000000e+01   1.8057663756e+00
  7.0500000000e+01   1.8057716368e+00
  7.1000000000e+01   1.8057768725e+00
  7.1500000000e+01   1.8057820854e+00
  7.2000000000e+01   1.8057872776e+00
  7.2500000000e+01   1.8057924514e+00
  7.3000000000e+01   1.8057976084e+00
  7.3500000000e+01   1.8058027504e+00
  7.4000000000e+01   1.8058078789e+00
  7.4500000000e+01   1.8058129952e+00
  7.5000000000e+01   1.8058181006e+00
  7.5500000000e+01   1.8058231962e+00
  7.6000000000e+01   1.8058282829e+00
  7.6500000000e+01   1.8058333616e+00
  7.7000000000e+01   1.8058384332e+00
  7.7500000000e+01   1.8058434983e+00
  7.8000000000e+01   1.8058485577e+00
  7.8500000000e+01   1.8058536119e+00
  7.9000000000e+01   1.8058586614e+00
  7.9500000000e+01   1.8058637068e+00
  8.0000000000e+01   1.8058687484e+00
  8.0500000000e+01   1.8058737867e+00
  8.1000000000e+01   1.8058788219e+00
  8.1500000000e+01   1.8058838545e+00
  8.2000000000e+01   1.8058888848e+00
  8.2500000000e+01   1.8058939129e+00
  8.3000000000e+01   1.8058989392e+00
  8.3500000000e+01   1.8059039638e+00
  8.4000000000e+01   1.8059089870e+00
  8.4500000000e+01   1.8059140089e+00
  8.5000000000e+01   1.8059190298e+00
  8.5500000000e+01   1.8059240497e+00
  8.6000000000e+01   1.8059290689e+00
  8.6500000000e+01   1.8059340874e+00
  8.7000000000e+01   1.8059391054e+00
  8.7500000000e+01   1.8059441230e+00
  8.8000000000e+01   1.8059491402e+00
  8.8500000000e+01   1.8059541571e+00
  8.9000000000e+01   1.8059591738e+00
  8.9500000000e+01   1.8059641900e+00
  9.0000000000e+01   1.8059692057e+00
  9.0500000000e+01   1.8059742206e+00
  9.1000000000e+01   1.8059792343e+00
  9.1500000000e+01   1.8059842460e+00
  9.2000000000e+01   1.8059892548e+00
  9.2500000000e+01   1.8059942591e+00
  9.3000000000e+01   1.8059992566e+00
  9.3500000000e+01   1.8060042441e+00
  9.4000000000e+01   1.8060092168e+00
  9.4500000000e+01   1.8060141681e+00
  9.5000000000e+01   1.8060190885e+00
  9.5500000000e+01   1.8060239650e+00
  9.6000000000e+01   1.8060287793e+00
  9.6500000000e+01   1.8060335072e+00
  9.7000000000e+01   1.8060381166e+00
  9.7500000000e+01   1.8060425665e+00
  9.8000000000e+01   1.8060468077e+00
  9.8500000000e+01   1.8060507842e+00
  9.9000000000e+01   1.8060544383e+00
  9.9500000000e+01   1.8060577176e+00
  1.0000000000e+02   1.8060621492e+00
