      0.0000000000      13.2763648552
      0.5000000000      53.0704282960
      1.0000000000    1408.4296678798
      1.5000000000    6050.2999612897
      2.0000000000   16453.3862104168
      2.5000000000   34033.4303447716
      3.0000000000   58181.6493367076
      3.5000000000   86446.3375022605
      4.0000000000  115534.7986243857
      4.5000000000  142394.2108517796
      5.0000000000  164876.4749121898
      5.5000000000  181906.7966136379
      6.0000000000  193319.1086605635
      6.5000000000  199560.5506853399
      7.0000000000  201403.8281303605
      7.5000000000  199729.5875919875
      8.0000000000  195388.8554930280
      8.5000000000  189131.1138767232
      9.0000000000  181577.3368737945
      9.5000000000  173219.7483496141
     10.0000000000  164435.1332947329
     10.5000000000  155503.3628641929
     11.0000000000  146626.4248925337
     11.5000000000  137945.6461600684
     12.0000000000  129556.2217915651
     12.5000000000  121518.9411713402
     13.0000000000  113869.3689913207
     13.5000000000  106624.8783119729
     14.0000000000   99789.9498033165
     14.5000000000   93360.1124820385
     15.0000000000   87324.8420163269
     15.5000000000   81669.6712450733
     16.0000000000   76377.7121845018
     16.5000000000   71430.7423493047
     17.0000000000   66809.9709080333
     17.5000000000   62496.5710611007
     18.0000000000   58472.0427209351
     18.5000000000   54718.4527251481
     19.0000000000   51218.5872173265
     19.5000000000   47956.0414845606
     20.0000000000   44915.2656483551
     20.5000000000   42081.5795475542
     21.0000000000   39441.1664571687
     21.5000000000   36981.0525996886
     22.0000000000   34689.0774559392
     22.5000000000   32553.8584641103
     23.0000000000   30564.7526509344
     23.5000000000   28711.8169582517
     24.0000000000   26985.7684321000
     24.5000000000   25377.9450467657
     25.0000000000   23880.2676256373
     25.5000000000   22485.2031607653
     26.0000000000   21185.7297304157
     26.5000000000   19975.3031250316
     27.0000000000   18847.8252582474
     27.5000000000   17797.6143800120
     28.0000000000   16819.3770770365
     28.5000000000   15908.1820169822
     29.0000000000   15059.4353728913
     29.5000000000   14268.8578516133
     30.0000000000   13532.4632428973
     30.5000000000   12846.5384029033
     31.0000000000   12207.6245858707
     31.5000000000   11612.5000395708
     32.0000000000   11058.1637832562
     32.5000000000   10541.8204905872
     33.0000000000   10060.8664041356
     33.5000000000    9612.8762123020
     34.0000000000    9195.5908237039
     34.5000000000    8806.9059781949
     35.0000000000    8444.8616376192
     35.5000000000    8107.6321031553
     36.0000000000    7793.5168096459
     36.5000000000    7500.9317506463
     37.0000000000    7228.4014910518
     37.5000000000    6974.5517270920
     38.0000000000    6738.1023562206
     38.5000000000    6517.8610219792
     39.0000000000    6312.7171013072
     39.5000000000    6121.6361039869
     40.0000000000    5943.6544559912
     40.5000000000    5777.8746404336
     41.0000000000    5623.4606716188
     41.5000000000    5479.6338793748
     42.0000000000    5345.6689824088
     42.5000000000    5220.8904308853
     43.0000000000    5104.6689997840
     43.5000000000    4996.4186158579
     44.0000000000    4895.5934021910
     44.5000000000    4801.6849254495
     45.0000000000    4714.2196319466
     45.5000000000    4632.7564595880
     46.0000000000    4556.8846136557
     46.5000000000    4486.2214952120
     47.0000000000    4420.4107716753
     47.5000000000    4359.1205798360
     48.0000000000    4302.0418522482
     48.5000000000    4248.8867585555
     49.0000000000    4199.3872538874
     49.5000000000    4153.2937270045
     50.0000000000    4110.3737413695
     50.5000000000    4070.4108627949
     51.0000000000    4033.2035677499
     51.5000000000    3998.5642268177
     52.0000000000    3966.3181581740
     52.5000000000    3936.3027463082
     53.0000000000    3908.3666215414
     53.5000000000    3882.3688961986
     54.0000000000    3858.1784535824
     54.5000000000    3835.6732861594
     55.0000000000    3814.7398796227
     55.5000000000    3795.2726397257
     56.0000000000    3777.1733589989
     56.5000000000    3760.3507206687
     57.0000000000    3744.7198372838
     57.5000000000    3730.2018217371
     58.0000000000    3716.7233885349
     58.5000000000    3704.2164833265
     59.0000000000    3692.6179388500
     59.5000000000    3681.8691555918
     60.0000000000    3671.9158055840
     60.5000000000    3662.7075578859
     61.0000000000    3654.1978244074
     61.5000000000    3646.3435248369
     62.0000000000    3639.1048695326
     62.5000000000    3632.4451593253
     63.0000000000    3626.3306012633
     63.5000000000    3620.7301394046
     64.0000000000    3615.6152998325
     64.5000000000    3610.9600491358
     65.0000000000    3606.7406656572
     65.5000000000    3602.9356228739
     66.0000000000    3599.5254843328
     66.5000000000    3596.4928096250
     67.0000000000    3593.8220709459
     67.5000000000    3591.4995798511
     68.0000000000    3589.5134238887
     68.5000000000    3587.8534128579
     69.0000000000    3586.5110345223
     69.5000000000    3585.4794196811
     70.0000000000    3584.7533165873
     70.5000000000    3584.3290747853
     71.0000000000    3584.2046385320
     71.5000000000    3584.3795500571
     72.0000000000    3584.8549630223
     72.5000000000    3585.6336666438
     73.0000000000    3586.7201210620
     73.5000000000    3588.1205046706
     74.0000000000    3589.8427742654
     74.5000000000    3591.8967390333
     75.0000000000    3594.2941495961
     75.5000000000    3597.0488035356
     76.0000000000    3600.1766690848
     76.5000000000    3603.6960289624
     77.0000000000    3607.6276466770
     77.5000000000    3611.9949580383
     78.0000000000    3616.8242910994
     78.5000000000    3622.1451183337
     79.0000000000    3627.9903455396
     79.5000000000    3634.3966427999
     80.0000000000    3641.4048238170
     80.5000000000    3649.0602811545
     81.0000000000    3657.4134863851
     81.5000000000    3666.5205659325
     82.0000000000    3676.4439655996
     82.5000000000    3687.2532194856
     83.0000000000    3699.0258423704
     83.5000000000    3711.8483688517
     84.0000000000    3725.8175678152
     84.5000000000    3741.0418675174
     85.0000000000    3757.6430350974
     85.5000000000    3775.7581652953
     86.0000000000    3795.5420473438
     86.5000000000    3817.1699975117
     87.0000000000    3840.8412691563
     87.5000000000    3866.7831845443
     88.0000000000    3895.2561762131
     88.5000000000    3926.5599847153
     89.0000000000    3961.0413407198
     89.5000000000    3999.1035723152
     90.0000000000    4041.2187375276
     90.5000000000    4087.9431099327
     91.0000000000    4139.9371767932
     91.5000000000    4197.9918003087
     92.0000000000    4263.0629346606
     92.5000000000    4336.3184376312
     93.0000000000    4419.2023294558
     93.5000000000    4513.5248023599
     94.0000000000    4621.5912364552
     94.5000000000    4746.3920900319
     95.0000000000    4891.8911384217
     95.5000000000    5063.4792058438
     96.0000000000    5268.7202459187
     96.5000000000    5518.6453281405
     97.0000000000    5830.1519646277
     97.5000000000    6230.8544346410
     98.0000000000    6770.1016703788
     98.5000000000    7548.5703721002
     99.0000000000    8822.0225277330
     99.5000000000   11613.8192253657
