      0.0000000000       0.0000022182
      0.5000000000       0.9998725696
      1.0000000000       0.9998398893
      1.5000000000       0.9997989494
      2.0000000000       0.9997476930
      2.5000000000       0.9996835649
      3.0000000000       0.9996033931
      3.5000000000       0.9995032440
      4.0000000000       0.9993782466
      4.5000000000       0.9992223768
      5.0000000000       0.9990281969
      5.5000000000       0.9987865390
      6.0000000000       0.9984861235
      6.5000000000       0.9981131008
      7.0000000000       0.9976505028
      7.5000000000       0.9970775917
      8.0000000000       0.9963690895
      8.5000000000       0.9954942757
      9.0000000000       0.9944159385
      9.5000000000       0.9930891699
     10.0000000000       0.9914599998
     10.5000000000       0.9894638736
     11.0000000000       0.9870239946
     11.5000000000       0.9840495713
     12.0000000000       0.9804340457
     12.5000000000       0.9760534237
     13.0000000000       0.9707648898
     13.5000000000       0.9644059742
     14.0000000000       0.9567946491
     14.5000000000       0.9477308664
     15.0000000000       0.9370002071
     15.5000000000       0.9243804875
     16.0000000000       0.9096523262
     16.5000000000       0.8926147591
     17.0000000000       0.8731069153
     17.5000000000       0.8510363478
     18.0000000000       0.8264136368
     18.5000000000       0.7993910494
     19.0000000000       0.7703001252
     19.5000000000       0.7396791652
     20.0000000000       0.7082776683
     20.5000000000       0.6770231508
     21.0000000000       0.6469402235
     21.5000000000       0.6190254993
     22.0000000000       0.5941030505
     22.5000000000       0.5727030585
     23.0000000000       0.5550054740
     23.5000000000       0.5408634175
     24.0000000000       0.5299020651
     24.5000000000       0.5216145245
     25.0000000000       0.5154633009
     25.5000000000       0.5109769818
     26.0000000000       0.5077415315
     26.5000000000       0.5054283666
     27.0000000000       0.5037849555
     27.5000000000       0.5026226488
     28.0000000000       0.5018032649
     28.5000000000       0.5012269609
     29.0000000000       0.5008222856
     29.5000000000       0.5005384527
     30.0000000000       0.5003395376
     30.5000000000       0.5002002133
     31.0000000000       0.5001026666
     31.5000000000       0.5000343892
     32.0000000000       0.4999866082
     32.5000000000       0.4999531754
     33.0000000000       0.4999297845
     33.5000000000       0.4999134206
     34.0000000000       0.4999019733
     34.5000000000       0.4998939659
     35.0000000000       0.4998883650
     35.5000000000       0.4998844475
     36.0000000000       0.4998817078
     36.5000000000       0.4998797919
     37.0000000000       0.4998784524
     37.5000000000       0.4998775162
     38.0000000000       0.4998768620
     38.5000000000       0.4998764052
     39.0000000000       0.4998760866
     39.5000000000       0.4998758647
     40.0000000000       0.4998757104
     40.5000000000       0.4998756037
     41.0000000000       0.4998755302
     41.5000000000       0.4998754801
     42.0000000000       0.4998754464
     42.5000000000       0.4998754243
     43.0000000000       0.4998754105
     43.5000000000       0.4998754026
     44.0000000000       0.4998753990
     44.5000000000       0.4998753985
     45.0000000000       0.4998754003
     45.5000000000       0.4998754040
     46.0000000000       0.4998754092
     46.5000000000       0.4998754156
     47.0000000000       0.4998754232
     47.5000000000       0.4998754318
     48.0000000000       0.4998754414
     48.5000000000       0.4998754520
     49.0000000000       0.4998754637
     49.5000000000       0.4998754764
     50.0000000000       0.4998754903
     50.5000000000       0.4998755055
     51.0000000000       0.4998755220
     51.5000000000       0.4998755400
     52.0000000000       0.4998755596
     52.5000000000       0.4998755809
     53.0000000000       0.4998756041
     53.5000000000       0.4998756293
     54.0000000000       0.4998756568
     54.5000000000       0.4998756866
     55.0000000000       0.4998757190
     55.5000000000       0.4998757542
     56.0000000000       0.4998757924
     56.5000000000       0.4998758338
     57.0000000000       0.4998758787
     57.5000000000       0.4998759273
     58.0000000000       0.4998759798
     58.5000000000       0.4998760364
     59.0000000000       0.4998760974
     59.5000000000       0.4998761630
     60.0000000000       0.4998762333
     60.5000000000       0.4998763084
     61.0000000000       0.4998763885
     61.5000000000       0.4998764736
     62.0000000000       0.4998765637
     62.5000000000       0.4998766586
     63.0000000000       0.4998767581
     63.5000000000       0.4998768618
     64.0000000000       0.4998769692
     64.5000000000       0.4998770796
     65.0000000000       0.4998771919
     65.5000000000       0.4998773049
     66.0000000000       0.4998774169
     66.5000000000       0.4998775261
     67.0000000000       0.4998776298
     67.5000000000       0.4998777249
     68.0000000000       0.4998778078
     68.5000000000       0.4998778739
     69.0000000000       0.4998779177
     69.5000000000       0.4998779325
     70.0000000000       0.4998779107
     70.5000000000       0.4998778427
     71.0000000000       0.4998777174
     71.5000000000       0.4998775219
     72.0000000000       0.4998772405
     72.5000000000       0.4998768551
     73.0000000000       0.4998763445
     73.5000000000       0.4998756838
     74.0000000000       0.4998748440
     74.5000000000       0.4998737914
     75.0000000000       0.4998724873
     75.5000000000       0.4998708864
     76.0000000000       0.4998689369
     76.5000000000       0.4998665792
     77.0000000000       0.4998637450
     77.5000000000       0.4998603563
     78.0000000000       0.4998563245
     78.5000000000       0.4998515488
     79.0000000000       0.4998459158
     79.5000000000       0.4998392980
     80.0000000000       0.4998315530
     80.5000000000       0.4998225230
     81.0000000000       0.4998120344
     81.5000000000       0.4997998984
     82.0000000000       0.4997859125
     82.5000000000       0.4997698633
     83.0000000000       0.4997515319
     83.5000000000       0.4997307022
     84.0000000000       0.4997071739
     84.5000000000       0.4996807820
     85.0000000000       0.4996514259
     85.5000000000       0.4996191117
     86.0000000000       0.4995840135
     86.5000000000       0.4995465618
     87.0000000000       0.4995075708
     87.5000000000       0.4994684198
     88.0000000000       0.4994313131
     88.5000000000       0.4993996506
     89.0000000000       0.4993785566
     89.5000000000       0.4993756334
     90.0000000000       0.4994020361
     90.5000000000       0.4994740048
     91.0000000000       0.4996150487
     91.5000000000       0.4998590613
     92.0000000000       0.5002547613
     92.5000000000       0.5008720239
     93.0000000000       0.5018109058
     93.5000000000       0.5032144986
     94.0000000000       0.5052872214
     94.5000000000       0.5083208134
     95.0000000000       0.5127311880
     95.5000000000       0.5191105253
     96.0000000000       0.5283005834
     96.5000000000       0.5414952622
     97.0000000000       0.5603829751
     97.5000000000       0.5873423275
     98.0000000000       0.6257078580
     98.5000000000       0.6801260661
     99.0000000000       0.7570254310
     99.5000000000       0.8652238669
