  0.0000000000e+00   0.0000000000e+00
  5.0000000000e-01   9.8152132788e-01
  1.0000000000e+00   7.6340881444e-01
  1.5000000000e+00   5.9376463461e-01
  2.0000000000e+00   4.6181916151e-01
  2.5000000000e+00   3.5919490477e-01
  3.0000000000e+00   2.7937603856e-01
  3.5000000000e+00   2.1729469836e-01
  4.0000000000e+00   1.6900921176e-01
  4.5000000000e+00   1.3145383357e-01
  5.0000000000e+00   1.0224409534e-01
  5.5000000000e+00   7.9525410480e-02
  6.0000000000e+00   6.1855322805e-02
  6.5000000000e+00   4.8111921958e-02
  7.0000000000e+00   3.7422611031e-02
  7.5000000000e+00   2.9108703580e-02
  8.0000000000e+00   2.2642332414e-02
  8.5000000000e+00   1.7612934225e-02
  9.0000000000e+00   1.3701182063e-02
  9.5000000000e+00   1.0658710612e-02
  1.0000000000e+01   8.2923469519e-03
  1.0500000000e+01   6.4518456061e-03
  1.1000000000e+01   5.0203491371e-03
  1.1500000000e+01   3.9069686139e-03
  1.2000000000e+01   3.0410128712e-03
  1.2500000000e+01   2.3675001629e-03
  1.3000000000e+01   1.8436672338e-03
  1.3500000000e+01   1.4362541631e-03
  1.4000000000e+01   1.1193925865e-03
  1.4500000000e+01   8.7296321447e-04
  1.5000000000e+01   6.8131835933e-04
  1.5500000000e+01   5.3228835845e-04
  1.6000000000e+01   4.1640880465e-04
  1.6500000000e+01   3.2631951218e-04
  1.7000000000e+01   2.5629704762e-04
  1.7500000000e+01   2.0189113069e-04
  1.8000000000e+01   1.5964179865e-04
  1.8500000000e+01   1.2685934744e-04
  1.9000000000e+01   1.0145304047e-04
  1.9500000000e+01   8.1797668100e-05
  2.0000000000e+01   6.6629454875e-05
  2.0500000000e+01   5.4964717089e-05
  2.1000000000e+01   4.6036211600e-05
  2.1500000000e+01   3.9243387490e-05
  2.2000000000e+01   3.4113790806e-05
  2.2500000000e+01   3.0273631755e-05
  2.3000000000e+01   2.7425920561e-05
  2.3500000000e+01   2.5334640997e-05
  2.4000000000e+01   2.3813133335e-05
  2.4500000000e+01   2.2715498120e-05
  2.5000000000e+01   2.1929375667e-05
  2.5500000000e+01   2.1369663427e-05
  2.6000000000e+01   2.0973039786e-05
  2.6500000000e+01   2.0692977020e-05
  2.7000000000e+01   2.0495743650e-05
  2.7500000000e+01   2.0357112127e-05
  2.8000000000e+01   2.0259807459e-05
  2.8500000000e+01   2.0191578550e-05
  2.9000000000e+01   2.0143771451e-05
  2.9500000000e+01   2.0110290604e-05
  3.0000000000e+01   2.0086851260e-05
  3.0500000000e+01   2.0070445913e-05
  3.1000000000e+01   2.0058965728e-05
  3.1500000000e+01   2.0050933081e-05
  3.2000000000e+01   2.0045313149e-05
  3.2500000000e+01   2.0041381476e-05
  3.3000000000e+01   2.0038631013e-05
  3.3500000000e+01   2.0036706936e-05
  3.4000000000e+01   2.0035360979e-05
  3.4500000000e+01   2.0034419445e-05
  3.5000000000e+01   2.0033760818e-05
  3.5500000000e+01   2.0033300089e-05
  3.6000000000e+01   2.0032977791e-05
  3.6500000000e+01   2.0032752325e-05
  3.7000000000e+01   2.0032594593e-05
  3.7500000000e+01   2.0032484240e-05
  3.8000000000e+01   2.0032407024e-05
  3.8500000000e+01   2.0032352988e-05
  3.9000000000e+01   2.0032315163e-05
  3.9500000000e+01   2.0032288677e-05
  4.0000000000e+01   2.0032270120e-05
  4.0500000000e+01   2.0032257106e-05
  4.1000000000e+01   2.0032247967e-05
  4.1500000000e+01   2.0032241537e-05
  4.2000000000e+01   2.0032236998e-05
  4.2500000000e+01   2.0032233778e-05
  4.3000000000e+01   2.0032231478e-05
  4.3500000000e+01   2.0032229818e-05
  4.4000000000e+01   2.0032228600e-05
  4.4500000000e+01   2.0032227688e-05
  4.5000000000e+01   2.0032226985e-05
  4.5500000000e+01   2.0032226423e-05
  4.6000000000e+01   2.0032225954e-05
  4.6500000000e+01   2.0032225543e-05
  4.7000000000e+01   2.0032225166e-05
  4.7500000000e+01   2.0032224806e-05
  4.8000000000e+01   2.0032224450e-05
  4.8500000000e+01   2.0032224087e-05
  4.9000000000e+01   2.0032223710e-05
  4.9500000000e+01   2.0032223313e-05
  5.0000000000e+01   2.0032222890e-05
  5.0500000000e+01   2.0032222437e-05
  5.1000000000e+01   2.0032221949e-05
  5.1500000000e+01   2.0032221422e-05
  5.2000000000e+01   2.0032220851e-05
  5.2500000000e+01   2.0032220232e-05
  5.3000000000e+01   2.0032219561e-05
  5.3500000000e+01   2.0032218831e-05
  5.4000000000e+01   2.0032218039e-05
  5.4500000000e+01   2.0032217178e-05
  5.5000000000e+01   2.0032216242e-05
  5.5500000000e+01   2.0032215224e-05
  5.6000000000e+01   2.0032214119e-05
  5.6500000000e+01   2.0032212918e-05
  5.7000000000e+01   2.0032211614e-05
  5.7500000000e+01   2.0032210199e-05
  5.8000000000e+01   2.0032208665e-05
  5.8500000000e+01   2.0032207003e-05
  5.9000000000e+01   2.0032205205e-05
  5.9500000000e+01   2.0032203263e-05
  6.0000000000e+01   2.0032201167e-05
  6.0500000000e+01   2.0032198911e-05
  6.1000000000e+01   2.0032196485e-05
  6.1500000000e+01   2.0032193885e-05
  6.2000000000e+01   2.0032191104e-05
  6.2500000000e+01   2.0032188138e-05
  6.3000000000e+01   2.0032184986e-05
  6.3500000000e+01   2.0032181648e-05
  6.4000000000e+01   2.0032178128e-05
  6.4500000000e+01   2.0032174435e-05
  6.5000000000e+01   2.0032170581e-05
  6.5500000000e+01   2.0032166585e-05
  6.6000000000e+01   2.0032162474e-05
  6.6500000000e+01   2.0032158281e-05
  6.7000000000e+01   2.0032154053e-05
  6.7500000000e+01   2.0032149848e-05
  6.8000000000e+01   2.0032145736e-05
  6.8500000000e+01   2.0032141810e-05
  6.9000000000e+01   2.0032138179e-05
  6.9500000000e+01   2.0032134980e-05
  7.0000000000e+01   2.0032132376e-05
  7.0500000000e+01   2.0032130567e-05
  7.1000000000e+01   2.0032129791e-05
  7.1500000000e+01   2.0032130333e-05
  7.2000000000e+01   2.0032132533e-05
  7.2500000000e+01   2.0032136792e-05
  7.3000000000e+01   2.0032143588e-05
  7.3500000000e+01   2.0032153480e-05
  7.4000000000e+01   2.0032167129e-05
  7.4500000000e+01   2.0032185306e-05
  7.5000000000e+01   2.0032208913e-05
  7.5500000000e+01   2.0032239000e-05
  7.6000000000e+01   2.0032276788e-05
  7.6500000000e+01   2.0032323691e-05
  7.7000000000e+01   2.0032381340e-05
  7.7500000000e+01   2.0032451618e-05
  7.8000000000e+01   2.0032536686e-05
  7.8500000000e+01   2.0032639019e-05
  7.9000000000e+01   2.0032761439e-05
  7.9500000000e+01   2.0032907159e-05
  8.0000000000e+01   2.0033079815e-05
  8.0500000000e+01   2.0033283507e-05
  8.1000000000e+01   2.0033522834e-05
  8.1500000000e+01   2.0033802918e-05
  8.2000000000e+01   2.0034129427e-05
  8.2500000000e+01   2.0034508571e-05
  8.3000000000e+01   2.0034947073e-05
  8.3500000000e+01   2.0035452099e-05
  8.4000000000e+01   2.0036031127e-05
  8.4500000000e+01   2.0036691722e-05
  8.5000000000e+01   2.0037441181e-05
  8.5500000000e+01   2.0038285989e-05
  8.6000000000e+01   2.0039231012e-05
  8.6500000000e+01   2.0040278291e-05
  8.7000000000e+01   2.0041425297e-05
  8.7500000000e+01   2.0042662398e-05
  8.8000000000e+01   2.0043969214e-05
  8.8500000000e+01   2.0045309379e-05
  8.9000000000e+01   2.0046623053e-05
  8.9500000000e+01   2.0047816225e-05
  9.0000000000e+01   2.0048745448e-05
  9.0500000000e+01   2.0049196114e-05
  9.1000000000e+01   2.0048851551e-05
  9.1500000000e+01   2.0047249176e-05
  9.2000000000e+01   2.0043718421e-05
  9.2500000000e+01   2.0037293204e-05
  9.3000000000e+01   2.0026589166e-05
  9.3500000000e+01   2.0009632895e-05
  9.4000000000e+01   1.9983627158e-05
  9.4500000000e+01   1.9944633895e-05
  9.5000000000e+01   1.9887157619e-05
  9.5500000000e+01   1.9803620669e-05
  9.6000000000e+01   1.9683746841e-05
  9.6500000000e+01   1.9513924321e-05
  9.7000000000e+01   1.9276717686e-05
  9.7500000000e+01   1.8950847998e-05
  9.8000000000e+01   1.8512128261e-05
  9.8500000000e+01   1.7935916094e-05
  9.9000000000e+01   1.7201415786e-05
  9.9500000000e+01   1.6297429315e-05
  1.0000000000e+02   1.6618851994e-05
