  0.0000000000e+00   5.0000000000e-02
  5.0000000000e-01   5.2689636674e-02
  1.0000000000e+00   5.3577104961e-02
  1.5000000000e+00   5.3475480601e-02
  2.0000000000e+00   5.3257388234e-02
  2.5000000000e+00   5.2889933008e-02
  3.0000000000e+00   5.2355863870e-02
  3.5000000000e+00   5.1649711405e-02
  4.0000000000e+00   5.0774681696e-02
  4.5000000000e+00   4.9740175456e-02
  5.0000000000e+00   4.8559822593e-02
  5.5000000000e+00   4.7249940120e-02
  6.0000000000e+00   4.5828336370e-02
  6.5000000000e+00   4.4313397168e-02
  7.0000000000e+00   4.2723400425e-02
  7.5000000000e+00   4.1076014621e-02
  8.0000000000e+00   3.9387944364e-02
  8.5000000000e+00   3.7674692562e-02
  9.0000000000e+00   3.5950414222e-02
  9.5000000000e+00   3.4227841337e-02
  1.0000000000e+01   3.2518262160e-02
  1.0500000000e+01   3.0831541280e-02
  1.1000000000e+01   2.9176169550e-02
  1.1500000000e+01   2.7559335094e-02
  1.2000000000e+01   2.5987008418e-02
  1.2500000000e+01   2.4464036124e-02
  1.3000000000e+01   2.2994238960e-02
  1.3500000000e+01   2.1580510911e-02
  1.4000000000e+01   2.0224916876e-02
  1.4500000000e+01   1.8928787092e-02
  1.5000000000e+01   1.7692807033e-02
  1.5500000000e+01   1.6517101896e-02
  1.6000000000e+01   1.5401315147e-02
  1.6500000000e+01   1.4344680835e-02
  1.7000000000e+01   1.3346089598e-02
  1.7500000000e+01   1.2404148436e-02
  1.8000000000e+01   1.1517234423e-02
  1.8500000000e+01   1.0683542636e-02
  1.9000000000e+01   9.9011286081e-03
  1.9500000000e+01   9.1679456679e-03
  2.0000000000e+01   8.4818775402e-03
  2.0500000000e+01   7.8407665840e-03
  2.1000000000e+01   7.2424380531e-03
  2.1500000000e+01   6.6847207476e-03
  2.2000000000e+01   6.1654644120e-03
  2.2500000000e+01   5.6825542204e-03
  2.3000000000e+01   5.2339226650e-03
  2.3500000000e+01   4.8175591455e-03
  2.4000000000e+01   4.4315175348e-03
  2.4500000000e+01   4.0739219708e-03
  2.5000000000e+01   3.7429711069e-03
  2.5500000000e+01   3.4369410289e-03
  2.6000000000e+01   3.1541870273e-03
  2.6500000000e+01   2.8931443953e-03
  2.7000000000e+01   2.6523284022e-03
  2.7500000000e+01   2.4303335804e-03
  2.8000000000e+01   2.2258324419e-03
  2.8500000000e+01   2.0375737324e-03
  2.9000000000e+01   1.8643803137e-03
  2.9500000000e+01   1.7051467560e-03
  3.0000000000e+01   1.5588367091e-03
  3.0500000000e+01   1.4244801144e-03
  3.1000000000e+01   1.3011703080e-03
  3.1500000000e+01   1.1880610592e-03
  3.2000000000e+01   1.0843635831e-03
  3.2500000000e+01   9.8934355693e-04
  3.3000000000e+01   9.0231816688e-04
  3.3500000000e+01   8.2265320670e-04
  3.4000000000e+01   7.4976024496e-04
  3.4500000000e+01   6.8309387484e-04
  3.5000000000e+01   6.2214905693e-04
  3.5500000000e+01   5.6645856281e-04
  3.6000000000e+01   5.1559052523e-04
  3.6500000000e+01   4.6914609837e-04
  3.7000000000e+01   4.2675723027e-04
  3.7500000000e+01   3.8808454808e-04
  3.8000000000e+01   3.5281535565e-04
  3.8500000000e+01   3.2066174196e-04
  3.9000000000e+01   2.9135879820e-04
  3.9500000000e+01   2.6466294073e-04
  4.0000000000e+01   2.4035033645e-04
  4.0500000000e+01   2.1821542719e-04
  4.1000000000e+01   1.9806954886e-04
  4.1500000000e+01   1.7973964149e-04
  4.2000000000e+01   1.6306704583e-04
  4.2500000000e+01   1.4790638217e-04
  4.3000000000e+01   1.3412450720e-04
  4.3500000000e+01   1.2159954459e-04
  4.4000000000e+01   1.1021998513e-04
  4.4500000000e+01   9.9883852309e-05
  4.5000000000e+01   9.0497929420e-05
  4.5500000000e+01   8.1977044312e-05
  4.6000000000e+01   7.4243408128e-05
  4.6500000000e+01   6.7226004492e-05
  4.7000000000e+01   6.0860025763e-05
  4.7500000000e+01   5.5086353163e-05
  4.8000000000e+01   4.9851077729e-05
  4.8500000000e+01   4.5105059213e-05
  4.9000000000e+01   4.0803520208e-05
  4.9500000000e+01   3.6905672949e-05
  5.0000000000e+01   3.3374376374e-05
  5.0500000000e+01   3.0175821201e-05
  5.1000000000e+01   2.7279240898e-05
  5.1500000000e+01   2.4656646577e-05
  5.2000000000e+01   2.2282583962e-05
  5.2500000000e+01   2.0133910730e-05
  5.3000000000e+01   1.8189592603e-05
  5.3500000000e+01   1.6430516719e-05
  5.4000000000e+01   1.4839320904e-05
  5.4500000000e+01   1.3400237549e-05
  5.5000000000e+01   1.2098950930e-05
  5.5500000000e+01   1.0922466848e-05
  5.6000000000e+01   9.8589935937e-06
  5.6500000000e+01   8.8978332910e-06
  5.7000000000e+01   8.0292827549e-06
  5.7500000000e+01   7.2445430672e-06
  5.8000000000e+01   6.5356371336e-06
  5.8500000000e+01   5.8953345471e-06
  5.9000000000e+01   5.3170831338e-06
  5.9500000000e+01   4.7949466075e-06
  6.0000000000e+01   4.3235478101e-06
  6.0500000000e+01   3.8980170513e-06
  6.1000000000e+01   3.5139451065e-06
  6.1500000000e+01   3.1673404659e-06
  6.2000000000e+01   2.8545904613e-06
  6.2500000000e+01   2.5724259309e-06
  6.3000000000e+01   2.3178891080e-06
  6.3500000000e+01   2.0883044481e-06
  6.4000000000e+01   1.8812521337e-06
  6.4500000000e+01   1.6945440157e-06
  6.5000000000e+01   1.5262017751e-06
  6.5500000000e+01   1.3744371036e-06
  6.6000000000e+01   1.2376337215e-06
  6.6500000000e+01   1.1143310672e-06
  6.7000000000e+01   1.0032095048e-06
  6.7500000000e+01   9.0307691382e-07
  6.8000000000e+01   8.1285653272e-07
  6.8500000000e+01   7.3157594261e-07
  6.9000000000e+01   6.5835708598e-07
  6.9500000000e+01   5.9240722517e-07
  7.0000000000e+01   5.3301075389e-07
  7.0500000000e+01   4.7952178274e-07
  7.1000000000e+01   4.3135742696e-07
  7.1500000000e+01   3.8799173108e-07
  7.2000000000e+01   3.4895017107e-07
  7.2500000000e+01   3.1380468007e-07
  7.3000000000e+01   2.8216914860e-07
  7.3500000000e+01   2.5369535478e-07
  7.4000000000e+01   2.2806928413e-07
  7.4500000000e+01   2.0500780207e-07
  7.5000000000e+01   1.8425564610e-07
  7.5500000000e+01   1.6558270709e-07
  7.6000000000e+01   1.4878157253e-07
  7.6500000000e+01   1.3366530667e-07
  7.7000000000e+01   1.2006544514e-07
  7.7500000000e+01   1.0783018351e-07
  7.8000000000e+01   9.6822741300e-08
  7.8500000000e+01   8.6919884642e-08
  7.9000000000e+01   7.8010592414e-08
  7.9500000000e+01   6.9994852024e-08
  8.0000000000e+01   6.2782572401e-08
  8.0500000000e+01   5.6292602894e-08
  8.1000000000e+01   5.0451847862e-08
  8.1500000000e+01   4.5194467684e-08
  8.2000000000e+01   4.0461157842e-08
  8.2500000000e+01   3.6198498489e-08
  8.3000000000e+01   3.2358367652e-08
  8.3500000000e+01   2.8897411881e-08
  8.4000000000e+01   2.5776568731e-08
  8.4500000000e+01   2.2960636017e-08
  8.5000000000e+01   2.0417883264e-08
  8.5500000000e+01   1.8119701201e-08
  8.6000000000e+01   1.6040285570e-08
  8.6500000000e+01   1.4156351857e-08
  8.7000000000e+01   1.2446877892e-08
  8.7500000000e+01   1.0892871558e-08
  8.8000000000e+01   9.4771611061e-09
  8.8500000000e+01   8.1842058297e-09
  8.9000000000e+01   6.9999250487e-09
  8.9500000000e+01   5.9115435696e-09
  9.0000000000e+01   4.9074519510e-09
  9.0500000000e+01   3.9770800705e-09
  9.1000000000e+01   3.1107826313e-09
  9.1500000000e+01   2.2997353756e-09
  9.2000000000e+01   1.5358408923e-09
  9.2500000000e+01   8.1164300830e-10
  9.3000000000e+01   1.2024884918e-10
  9.3500000000e+01  -5.4474225778e-10
  9.4000000000e+01  -1.1893037922e-09
  9.4500000000e+01  -1.8190416430e-09
  9.5000000000e+01  -2.4392489265e-09
  9.5500000000e+01  -3.0549565869e-09
  9.6000000000e+01  -3.6709802964e-09
  9.6500000000e+01  -4.2919641285e-09
  9.7000000000e+01  -4.9224214403e-09
  9.7500000000e+01  -5.5667733632e-09
  9.8000000000e+01  -6.2293852727e-09
  9.8500000000e+01  -6.9146015795e-09
  9.9000000000e+01  -7.6267791581e-09
  9.9500000000e+01  -8.3703197047e-09
  1.0000000000e+02  -9.1497007561e-09
