      0.0000000000     -78.2414611101
      0.5000000000      -8.7242474568
      1.0000000000      -4.5562447402
      1.5000000000      -3.8333598804
      2.0000000000      -3.6246965533
      2.5000000000      -3.5527752209
      3.0000000000      -3.5317803721
      3.5000000000      -3.5341217221
      4.0000000000      -3.5487868319
      4.5000000000      -3.5706876413
      5.0000000000      -3.5938822260
      5.5000000000      -3.6170418960
      6.0000000000      -3.6436790515
      6.5000000000      -3.6724204732
      7.0000000000      -3.7024118656
      7.5000000000      -3.7330599562
      8.0000000000      -3.7638913665
      8.5000000000      -3.7944686181
      9.0000000000      -3.8243357340
      9.5000000000      -3.8529791770
     10.0000000000      -3.8809295889
     10.5000000000      -3.9065064284
     11.0000000000      -3.9314246031
     11.5000000000      -3.9554672488
     12.0000000000      -3.9784961863
     12.5000000000      -4.0003984265
     13.0000000000      -4.0210558732
     13.5000000000      -4.0403281204
     14.0000000000      -4.0580425263
     14.5000000000      -4.0739881401
     15.0000000000      -4.0894600151
     15.5000000000      -4.1024784463
     16.0000000000      -4.1148657792
     16.5000000000      -4.1263594350
     17.0000000000      -4.1368177426
     17.5000000000      -4.1461600823
     18.0000000000      -4.1543346478
     18.5000000000      -4.1613026495
     19.0000000000      -4.1670326901
     19.5000000000      -4.1715018608
     20.0000000000      -4.1762701025
     20.5000000000      -4.1791919362
     21.0000000000      -4.1821100759
     21.5000000000      -4.1846010459
     22.0000000000      -4.1864327861
     22.5000000000      -4.1874824939
     23.0000000000      -4.1876925118
     23.5000000000      -4.1870488276
     24.0000000000      -4.1855737875
     24.5000000000      -4.1833285373
     25.0000000000      -4.1819812561
     25.5000000000      -4.1793323535
     26.0000000000      -4.1771166919
     26.5000000000      -4.1748078442
     27.0000000000      -4.1721118257
     27.5000000000      -4.1688714165
     28.0000000000      -4.1650147366
     28.5000000000      -4.1605300046
     29.0000000000      -4.1554567710
     29.5000000000      -4.1498884976
     30.0000000000      -4.1455373349
     30.5000000000      -4.1402322722
     31.0000000000      -4.1355558648
     31.5000000000      -4.1309408912
     32.0000000000      -4.1260672295
     32.5000000000      -4.1207618143
     33.0000000000      -4.1149449344
     33.5000000000      -4.1086039210
     34.0000000000      -4.1017841071
     34.5000000000      -4.0945917514
     35.0000000000      -4.0887579016
     35.5000000000      -4.0821850852
     36.0000000000      -4.0762918023
     36.5000000000      -4.0705045085
     37.0000000000      -4.0644973818
     37.5000000000      -4.0580930329
     38.0000000000      -4.0512094239
     38.5000000000      -4.0438341435
     39.0000000000      -4.0360160162
     39.5000000000      -4.0278688340
     40.0000000000      -4.0211339216
     40.5000000000      -4.0138090278
     41.0000000000      -4.0071438629
     41.5000000000      -4.0005729709
     42.0000000000      -3.9937734034
     42.5000000000      -3.9865684554
     43.0000000000      -3.9788765712
     43.5000000000      -3.9706870850
     44.0000000000      -3.9620530983
     44.5000000000      -3.9530965103
     45.0000000000      -3.9455669881
     45.5000000000      -3.9375689018
     46.0000000000      -3.9301771329
     46.5000000000      -3.9228383579
     47.0000000000      -3.9152347441
     47.5000000000      -3.9071915917
     48.0000000000      -3.8986288551
     48.5000000000      -3.8895388628
     49.0000000000      -3.8799809571
     49.5000000000      -3.8700883610
     50.0000000000      -3.8616199301
     50.5000000000      -3.8527950557
     51.0000000000      -3.8445039006
     51.5000000000      -3.8362043670
     52.0000000000      -3.8275828098
     52.5000000000      -3.8184659098
     53.0000000000      -3.8087751654
     53.5000000000      -3.7985070079
     54.0000000000      -3.7877297176
     54.5000000000      -3.7765927864
     55.0000000000      -3.7668664206
     55.5000000000      -3.7568940405
     56.0000000000      -3.7473661878
     56.5000000000      -3.7377483449
     57.0000000000      -3.7277282097
     57.5000000000      -3.7171319542
     58.0000000000      -3.7058820035
     58.5000000000      -3.6939800144
     59.0000000000      -3.6815067148
     59.5000000000      -3.6686346336
     60.0000000000      -3.6571482868
     60.5000000000      -3.6455266365
     61.0000000000      -3.6342396516
     61.5000000000      -3.6227544471
     62.0000000000      -3.6107554413
     62.5000000000      -3.5980651622
     63.0000000000      -3.5846057123
     63.5000000000      -3.5703852381
     64.0000000000      -3.5555015778
     64.5000000000      -3.5401595673
     65.0000000000      -3.5261615345
     65.5000000000      -3.5121372292
     66.0000000000      -3.4983080021
     66.5000000000      -3.4841337390
     67.0000000000      -3.4692886118
     67.5000000000      -3.4535866847
     68.0000000000      -3.4369476366
     68.5000000000      -3.4193876088
     69.0000000000      -3.4010279185
     69.5000000000      -3.3821186624
     70.0000000000      -3.3644835504
     70.5000000000      -3.3469229521
     71.0000000000      -3.3293739353
     71.5000000000      -3.3112758585
     72.0000000000      -3.2922820463
     72.5000000000      -3.2721905997
     73.0000000000      -3.2509152036
     73.5000000000      -3.2284816235
     74.0000000000      -3.2050432903
     74.5000000000      -3.1809136730
     75.0000000000      -3.1579398612
     75.5000000000      -3.1351170883
     76.0000000000      -3.1120559868
     76.5000000000      -3.0881544439
     77.0000000000      -3.0630277075
     77.5000000000      -3.0364450131
     78.0000000000      -3.0083066323
     78.5000000000      -2.9786478048
     79.0000000000      -2.9476637505
     79.5000000000      -2.9157543405
     80.0000000000      -2.8847841758
     80.5000000000      -2.8539672674
     81.0000000000      -2.8225420889
     81.5000000000      -2.7898270375
     82.0000000000      -2.7553651959
     82.5000000000      -2.7188676151
     83.0000000000      -2.6801980837
     83.5000000000      -2.6393868367
     84.0000000000      -2.5966684467
     84.5000000000      -2.5525436826
     85.0000000000      -2.5088552566
     85.5000000000      -2.4650363377
     86.0000000000      -2.4198997493
     86.5000000000      -2.3725951667
     87.0000000000      -2.3225030555
     87.5000000000      -2.2691860510
     88.0000000000      -2.2123834741
     88.5000000000      -2.1520380864
     89.0000000000      -2.0883519573
     89.5000000000      -2.0218731084
     90.0000000000      -1.9542709414
     90.5000000000      -1.8851270867
     91.0000000000      -1.8127823719
     91.5000000000      -1.7360462940
     92.0000000000      -1.6539676556
     92.5000000000      -1.5658096672
     93.0000000000      -1.4710728280
     93.5000000000      -1.3695594591
     94.0000000000      -1.2614813535
     94.5000000000      -1.1476174413
     95.0000000000      -1.0296911735
     95.5000000000      -0.9083051068
     96.0000000000      -0.7830538834
     96.5000000000      -0.6544090931
     97.0000000000      -0.5238560358
     97.5000000000      -0.3941950308
     98.0000000000      -0.2699724557
     98.5000000000      -0.1580696346
     99.0000000000      -0.0684901038
     99.5000000000      -0.0153997894
