  0.0000000000e+00   0.0000000000e+00
  5.0000000000e-01   5.3615031811e-03
  1.0000000000e+00   2.3144973934e-02
  1.5000000000e+00   4.9766943412e-02
  2.0000000000e+00   7.7598947154e-02
  2.5000000000e+00   1.0326783669e-01
  3.0000000000e+00   1.2535730333e-01
  3.5000000000e+00   1.4341011429e-01
  4.0000000000e+00   1.5745269289e-01
  4.5000000000e+00   1.6775267361e-01
  5.0000000000e+00   1.7590880363e-01
  5.5000000000e+00   1.8453216085e-01
  6.0000000000e+00   1.9372746813e-01
  6.5000000000e+00   2.0128649066e-01
  7.0000000000e+00   2.0592533553e-01
  7.5000000000e+00   2.0761638881e-01
  8.0000000000e+00   2.0669795032e-01
  8.5000000000e+00   2.0359957650e-01
  9.0000000000e+00   1.9874669020e-01
  9.5000000000e+00   1.9252663487e-01
  1.0000000000e+01   1.8529613936e-01
  1.0500000000e+01   1.7738537201e-01
  1.1000000000e+01   1.6904977990e-01
  1.1500000000e+01   1.6045708506e-01
  1.2000000000e+01   1.5173735501e-01
  1.2500000000e+01   1.4300683354e-01
  1.3000000000e+01   1.3436419474e-01
  1.3500000000e+01   1.2589028824e-01
  1.4000000000e+01   1.1764937176e-01
  1.4500000000e+01   1.0969092053e-01
  1.5000000000e+01   1.0206409528e-01
  1.5500000000e+01   9.4824337800e-02
  1.6000000000e+01   8.7999632447e-02
  1.6500000000e+01   8.1576843975e-02
  1.7000000000e+01   7.5533336632e-02
  1.7500000000e+01   6.9852887801e-02
  1.8000000000e+01   6.4521934714e-02
  1.8500000000e+01   5.9527761395e-02
  1.9000000000e+01   5.4857659183e-02
  1.9500000000e+01   5.0498588603e-02
  2.0000000000e+01   4.6446829145e-02
  2.0500000000e+01   4.2711762583e-02
  2.1000000000e+01   3.9288408831e-02
  2.1500000000e+01   3.6145525104e-02
  2.2000000000e+01   3.3249164493e-02
  2.2500000000e+01   3.0574331713e-02
  2.3000000000e+01   2.8101437518e-02
  2.3500000000e+01   2.5814322096e-02
  2.4000000000e+01   2.3699107129e-02
  2.4500000000e+01   2.1743507545e-02
  2.5000000000e+01   1.9943843377e-02
  2.5500000000e+01   1.8307696539e-02
  2.6000000000e+01   1.6832688368e-02
  2.6500000000e+01   1.5497013452e-02
  2.7000000000e+01   1.4277197248e-02
  2.7500000000e+01   1.3156939215e-02
  2.8000000000e+01   1.2124339132e-02
  2.8500000000e+01   1.1170306893e-02
  2.9000000000e+01   1.0287609870e-02
  2.9500000000e+01   9.4702819795e-03
  3.0000000000e+01   8.7190730446e-03
  3.0500000000e+01   8.0435630858e-03
  3.1000000000e+01   7.4455240611e-03
  3.1500000000e+01   6.9113213938e-03
  3.2000000000e+01   6.4257408232e-03
  3.2500000000e+01   5.9789854576e-03
  3.3000000000e+01   5.5645500702e-03
  3.3500000000e+01   5.1779893569e-03
  3.4000000000e+01   4.8161742813e-03
  3.4500000000e+01   4.4768287073e-03
  3.5000000000e+01   4.1629980518e-03
  3.5500000000e+01   3.8848434697e-03
  3.6000000000e+01   3.6460624069e-03
  3.6500000000e+01   3.4375564711e-03
  3.7000000000e+01   3.2486864636e-03
  3.7500000000e+01   3.0730632923e-03
  3.8000000000e+01   2.9068612407e-03
  3.8500000000e+01   2.7478330186e-03
  3.9000000000e+01   2.5947122612e-03
  3.9500000000e+01   2.4468406214e-03
  4.0000000000e+01   2.3079970766e-03
  4.0500000000e+01   2.1879833871e-03
  4.1000000000e+01   2.0910556955e-03
  4.1500000000e+01   2.0104296366e-03
  4.2000000000e+01   1.9378475914e-03
  4.2500000000e+01   1.8685744067e-03
  4.3000000000e+01   1.7999969895e-03
  4.3500000000e+01   1.7308002929e-03
  4.4000000000e+01   1.6604646928e-03
  4.4500000000e+01   1.5889512297e-03
  4.5000000000e+01   1.5201071265e-03
  4.5500000000e+01   1.4631128260e-03
  4.6000000000e+01   1.4222404394e-03
  4.6500000000e+01   1.3919077834e-03
  4.7000000000e+01   1.3651278082e-03
  4.7500000000e+01   1.3379782252e-03
  4.8000000000e+01   1.3083894484e-03
  4.8500000000e+01   1.2754258091e-03
  4.9000000000e+01   1.2388443379e-03
  4.9500000000e+01   1.1988170736e-03
  5.0000000000e+01   1.1590583495e-03
  5.0500000000e+01   1.1281840459e-03
  5.1000000000e+01   1.1103381016e-03
  5.1500000000e+01   1.1005959018e-03
  5.2000000000e+01   1.0926771084e-03
  5.2500000000e+01   1.0830740628e-03
  5.3000000000e+01   1.0699651029e-03
  5.3500000000e+01   1.0525650137e-03
  5.4000000000e+01   1.0307236068e-03
  5.4500000000e+01   1.0046715892e-03
  5.5000000000e+01   9.7797482639e-04
  5.5500000000e+01   9.5884561190e-04
  5.6000000000e+01   9.5131104470e-04
  5.6500000000e+01   9.5081791377e-04
  5.7000000000e+01   9.5147922611e-04
  5.7500000000e+01   9.4999700894e-04
  5.8000000000e+01   9.4465868312e-04
  5.8500000000e+01   9.3473232732e-04
  5.9000000000e+01   9.2009031937e-04
  5.9500000000e+01   9.0096956329e-04
  6.0000000000e+01   8.8083463459e-04
  6.0500000000e+01   8.6767510907e-04
  6.1000000000e+01   8.6546591367e-04
  6.1500000000e+01   8.6985407133e-04
  6.2000000000e+01   8.7514453080e-04
  6.2500000000e+01   8.7812507792e-04
  6.3000000000e+01   8.7711564580e-04
  6.3500000000e+01   8.7139066580e-04
  6.4000000000e+01   8.6081690503e-04
  6.4500000000e+01   8.4562118743e-04
  6.5000000000e+01   8.2923144562e-04
  6.5500000000e+01   8.1959201410e-04
  6.6000000000e+01   8.2070830179e-04
  6.6500000000e+01   8.2830866085e-04
  6.7000000000e+01   8.3673814181e-04
  6.7500000000e+01   8.4277888684e-04
  6.8000000000e+01   8.4472976938e-04
  6.8500000000e+01   8.4184207160e-04
  6.9000000000e+01   8.3396282782e-04
  6.9500000000e+01   8.2130440354e-04
  7.0000000000e+01   8.0732607196e-04
  7.0500000000e+01   8.0009995814e-04
  7.1000000000e+01   8.0375403601e-04
  7.1500000000e+01   8.1400458265e-04
  7.2000000000e+01   8.2510581532e-04
  7.2500000000e+01   8.3375378087e-04
  7.3000000000e+01   8.3817891376e-04
  7.3500000000e+01   8.3758383862e-04
  7.4000000000e+01   8.3178479509e-04
  7.4500000000e+01   8.2097805097e-04
  7.5000000000e+01   8.0872130866e-04
  7.5500000000e+01   8.0338607102e-04
  7.6000000000e+01   8.0932498136e-04
  7.6500000000e+01   8.2216530387e-04
  7.7000000000e+01   8.3594847828e-04
  7.7500000000e+01   8.4720532144e-04
  7.8000000000e+01   8.5404890351e-04
  7.8500000000e+01   8.5560549739e-04
  7.9000000000e+01   8.5164763017e-04
  7.9500000000e+01   8.4235266512e-04
  8.0000000000e+01   8.3143709805e-04
  8.0500000000e+01   8.2773465740e-04
  8.1000000000e+01   8.3593446203e-04
  8.1500000000e+01   8.5152071567e-04
  8.2000000000e+01   8.6821334170e-04
  8.2500000000e+01   8.8230006456e-04
  8.3000000000e+01   8.9172412920e-04
  8.3500000000e+01   8.9550287765e-04
  8.4000000000e+01   8.9334757628e-04
  8.4500000000e+01   8.8541016090e-04
  8.5000000000e+01   8.7559453033e-04
  8.5500000000e+01   8.7329494375e-04
  8.6000000000e+01   8.8363733557e-04
  8.6500000000e+01   9.0197286905e-04
  8.7000000000e+01   9.2165145225e-04
  8.7500000000e+01   9.3866625985e-04
  8.8000000000e+01   9.5074682313e-04
  8.8500000000e+01   9.5676853128e-04
  8.9000000000e+01   9.5635924081e-04
  8.9500000000e+01   9.4963281794e-04
  9.0000000000e+01   9.4055994464e-04
  9.0500000000e+01   9.3884049628e-04
  9.1000000000e+01   9.4998564930e-04
  9.1500000000e+01   9.6946663756e-04
  9.2000000000e+01   9.9051229397e-04
  9.2500000000e+01   1.0089406822e-03
  9.3000000000e+01   1.0223162341e-03
  9.3500000000e+01   1.0293832918e-03
  9.4000000000e+01   1.0296782175e-03
  9.4500000000e+01   1.0232602312e-03
  9.5000000000e+01   1.0133178201e-03
  9.5500000000e+01   1.0077441343e-03
  9.6000000000e+01   1.0113755937e-03
  9.6500000000e+01   1.0210830368e-03
  9.7000000000e+01   1.0317159013e-03
  9.7500000000e+01   1.0400070703e-03
  9.8000000000e+01   1.0440123315e-03
  9.8500000000e+01   1.0427123259e-03
  9.9000000000e+01   1.0357269132e-03
  9.9500000000e+01   1.0231088785e-03
  1.0000000000e+02   1.0052612296e-03
