      0.0000000000      -0.9999977818
      0.5000000000      -0.0001274304
      1.0000000000      -0.0001601107
      1.5000000000      -0.0002010506
      2.0000000000      -0.0002523070
      2.5000000000      -0.0003164351
      3.0000000000      -0.0003966069
      3.5000000000      -0.0004967560
      4.0000000000      -0.0006217534
      4.5000000000      -0.0007776232
      5.0000000000      -0.0009718031
      5.5000000000      -0.0012134610
      6.0000000000      -0.0015138765
      6.5000000000      -0.0018868992
      7.0000000000      -0.0023494972
      7.5000000000      -0.0029224083
      8.0000000000      -0.0036309105
      8.5000000000      -0.0045057243
      9.0000000000      -0.0055840615
      9.5000000000      -0.0069108301
     10.0000000000      -0.0085400002
     10.5000000000      -0.0105361264
     11.0000000000      -0.0129760054
     11.5000000000      -0.0159504287
     12.0000000000      -0.0195659543
     12.5000000000      -0.0239465763
     13.0000000000      -0.0292351102
     13.5000000000      -0.0355940258
     14.0000000000      -0.0432053509
     14.5000000000      -0.0522691336
     15.0000000000      -0.0629997929
     15.5000000000      -0.0756195125
     16.0000000000      -0.0903476738
     16.5000000000      -0.1073852409
     17.0000000000      -0.1268930847
     17.5000000000      -0.1489636522
     18.0000000000      -0.1735863632
     18.5000000000      -0.2006089506
     19.0000000000      -0.2296998748
     19.5000000000      -0.2603208348
     20.0000000000      -0.2917223317
     20.5000000000      -0.3229768492
     21.0000000000      -0.3530597765
     21.5000000000      -0.3809745007
     22.0000000000      -0.4058969495
     22.5000000000      -0.4272969415
     23.0000000000      -0.4449945260
     23.5000000000      -0.4591365825
     24.0000000000      -0.4700979349
     24.5000000000      -0.4783854755
     25.0000000000      -0.4845366991
     25.5000000000      -0.4890230182
     26.0000000000      -0.4922584685
     26.5000000000      -0.4945716334
     27.0000000000      -0.4962150445
     27.5000000000      -0.4973773512
     28.0000000000      -0.4981967351
     28.5000000000      -0.4987730391
     29.0000000000      -0.4991777144
     29.5000000000      -0.4994615473
     30.0000000000      -0.4996604624
     30.5000000000      -0.4997997867
     31.0000000000      -0.4998973334
     31.5000000000      -0.4999656108
     32.0000000000      -0.5000133918
     32.5000000000      -0.5000468246
     33.0000000000      -0.5000702155
     33.5000000000      -0.5000865794
     34.0000000000      -0.5000980267
     34.5000000000      -0.5001060341
     35.0000000000      -0.5001116350
     35.5000000000      -0.5001155525
     36.0000000000      -0.5001182922
     36.5000000000      -0.5001202081
     37.0000000000      -0.5001215476
     37.5000000000      -0.5001224838
     38.0000000000      -0.5001231380
     38.5000000000      -0.5001235948
     39.0000000000      -0.5001239134
     39.5000000000      -0.5001241353
     40.0000000000      -0.5001242896
     40.5000000000      -0.5001243963
     41.0000000000      -0.5001244698
     41.5000000000      -0.5001245199
     42.0000000000      -0.5001245536
     42.5000000000      -0.5001245757
     43.0000000000      -0.5001245895
     43.5000000000      -0.5001245974
     44.0000000000      -0.5001246010
     44.5000000000      -0.5001246015
     45.0000000000      -0.5001245997
     45.5000000000      -0.5001245960
     46.0000000000      -0.5001245908
     46.5000000000      -0.5001245844
     47.0000000000      -0.5001245768
     47.5000000000      -0.5001245682
     48.0000000000      -0.5001245586
     48.5000000000      -0.5001245480
     49.0000000000      -0.5001245363
     49.5000000000      -0.5001245236
     50.0000000000      -0.5001245097
     50.5000000000      -0.5001244945
     51.0000000000      -0.5001244780
     51.5000000000      -0.5001244600
     52.0000000000      -0.5001244404
     52.5000000000      -0.5001244191
     53.0000000000      -0.5001243959
     53.5000000000      -0.5001243707
     54.0000000000      -0.5001243432
     54.5000000000      -0.5001243134
     55.0000000000      -0.5001242810
     55.5000000000      -0.5001242458
     56.0000000000      -0.5001242076
     56.5000000000      -0.5001241662
     57.0000000000      -0.5001241213
     57.5000000000      -0.5001240727
     58.0000000000      -0.5001240202
     58.5000000000      -0.5001239636
     59.0000000000      -0.5001239026
     59.5000000000      -0.5001238370
     60.0000000000      -0.5001237667
     60.5000000000      -0.5001236916
     61.0000000000      -0.5001236115
     61.5000000000      -0.5001235264
     62.0000000000      -0.5001234363
     62.5000000000      -0.5001233414
     63.0000000000      -0.5001232419
     63.5000000000      -0.5001231382
     64.0000000000      -0.5001230308
     64.5000000000      -0.5001229204
     65.0000000000      -0.5001228081
     65.5000000000      -0.5001226951
     66.0000000000      -0.5001225831
     66.5000000000      -0.5001224739
     67.0000000000      -0.5001223702
     67.5000000000      -0.5001222751
     68.0000000000      -0.5001221922
     68.5000000000      -0.5001221261
     69.0000000000      -0.5001220823
     69.5000000000      -0.5001220675
     70.0000000000      -0.5001220893
     70.5000000000      -0.5001221573
     71.0000000000      -0.5001222826
     71.5000000000      -0.5001224781
     72.0000000000      -0.5001227595
     72.5000000000      -0.5001231449
     73.0000000000      -0.5001236555
     73.5000000000      -0.5001243162
     74.0000000000      -0.5001251560
     74.5000000000      -0.5001262086
     75.0000000000      -0.5001275127
     75.5000000000      -0.5001291136
     76.0000000000      -0.5001310631
     76.5000000000      -0.5001334208
     77.0000000000      -0.5001362550
     77.5000000000      -0.5001396437
     78.0000000000      -0.5001436755
     78.5000000000      -0.5001484512
     79.0000000000      -0.5001540842
     79.5000000000      -0.5001607020
     80.0000000000      -0.5001684470
     80.5000000000      -0.5001774770
     81.0000000000      -0.5001879656
     81.5000000000      -0.5002001016
     82.0000000000      -0.5002140875
     82.5000000000      -0.5002301367
     83.0000000000      -0.5002484681
     83.5000000000      -0.5002692978
     84.0000000000      -0.5002928261
     84.5000000000      -0.5003192180
     85.0000000000      -0.5003485741
     85.5000000000      -0.5003808883
     86.0000000000      -0.5004159865
     86.5000000000      -0.5004534382
     87.0000000000      -0.5004924292
     87.5000000000      -0.5005315802
     88.0000000000      -0.5005686869
     88.5000000000      -0.5006003494
     89.0000000000      -0.5006214434
     89.5000000000      -0.5006243666
     90.0000000000      -0.5005979639
     90.5000000000      -0.5005259952
     91.0000000000      -0.5003849513
     91.5000000000      -0.5001409387
     92.0000000000      -0.4997452387
     92.5000000000      -0.4991279761
     93.0000000000      -0.4981890942
     93.5000000000      -0.4967855014
     94.0000000000      -0.4947127786
     94.5000000000      -0.4916791866
     95.0000000000      -0.4872688120
     95.5000000000      -0.4808894747
     96.0000000000      -0.4716994166
     96.5000000000      -0.4585047378
     97.0000000000      -0.4396170249
     97.5000000000      -0.4126576725
     98.0000000000      -0.3742921420
     98.5000000000      -0.3198739339
     99.0000000000      -0.2429745690
     99.5000000000      -0.1347761331
