      0.0000000000       4.4168359606
      0.5000000000       0.0000100149
      1.0000000000       0.0000050025
      1.5000000000       0.0000050027
      2.0000000000       0.0000050029
      2.5000000000       0.0000050032
      3.0000000000       0.0000050036
      3.5000000000       0.0000050040
      4.0000000000       0.0000050046
      4.5000000000       0.0000050053
      5.0000000000       0.0000050062
      5.5000000000       0.0000050073
      6.0000000000       0.0000050087
      6.5000000000       0.0000050103
      7.0000000000       0.0000050124
      7.5000000000       0.0000050151
      8.0000000000       0.0000050183
      8.5000000000       0.0000050223
      9.0000000000       0.0000050272
      9.5000000000       0.0000050333
     10.0000000000       0.0000050408
     10.5000000000       0.0000050501
     11.0000000000       0.0000050614
     11.5000000000       0.0000050754
     12.0000000000       0.0000050924
     12.5000000000       0.0000051133
     13.0000000000       0.0000051387
     13.5000000000       0.0000051697
     14.0000000000       0.0000052074
     14.5000000000       0.0000052530
     15.0000000000       0.0000053083
     15.5000000000       0.0000053750
     16.0000000000       0.0000054553
     16.5000000000       0.0000055517
     17.0000000000       0.0000056668
     17.5000000000       0.0000058037
     18.0000000000       0.0000059655
     18.5000000000       0.0000061553
     19.0000000000       0.0000063757
     19.5000000000       0.0000066282
     20.0000000000       0.0000069125
     20.5000000000       0.0000072256
     21.0000000000       0.0000075608
     21.5000000000       0.0000079077
     22.0000000000       0.0000082525
     22.5000000000       0.0000085805
     23.0000000000       0.0000088784
     23.5000000000       0.0000091368
     24.0000000000       0.0000093511
     24.5000000000       0.0000095227
     25.0000000000       0.0000096553
     25.5000000000       0.0000097554
     26.0000000000       0.0000098294
     26.5000000000       0.0000098833
     27.0000000000       0.0000099221
     27.5000000000       0.0000099498
     28.0000000000       0.0000099694
     28.5000000000       0.0000099833
     29.0000000000       0.0000099931
     29.5000000000       0.0000100000
     30.0000000000       0.0000100048
     30.5000000000       0.0000100082
     31.0000000000       0.0000100106
     31.5000000000       0.0000100122
     32.0000000000       0.0000100134
     32.5000000000       0.0000100142
     33.0000000000       0.0000100148
     33.5000000000       0.0000100152
     34.0000000000       0.0000100155
     34.5000000000       0.0000100157
     35.0000000000       0.0000100158
     35.5000000000       0.0000100159
     36.0000000000       0.0000100160
     36.5000000000       0.0000100160
     37.0000000000       0.0000100160
     37.5000000000       0.0000100161
     38.0000000000       0.0000100161
     38.5000000000       0.0000100161
     39.0000000000       0.0000100161
     39.5000000000       0.0000100161
     40.0000000000       0.0000100161
     40.5000000000       0.0000100161
     41.0000000000       0.0000100161
     41.5000000000       0.0000100161
     42.0000000000       0.0000100161
     42.5000000000       0.0000100161
     43.0000000000       0.0000100161
     43.5000000000       0.0000100161
     44.0000000000       0.0000100161
     44.5000000000       0.0000100161
     45.0000000000       0.0000100161
     45.5000000000       0.0000100161
     46.0000000000       0.0000100161
     46.5000000000       0.0000100161
     47.0000000000       0.0000100161
     47.5000000000       0.0000100161
     48.0000000000       0.0000100161
     48.5000000000       0.0000100161
     49.0000000000       0.0000100161
     49.5000000000       0.0000100161
     50.0000000000       0.0000100161
     50.5000000000       0.0000100161
     51.0000000000       0.0000100161
     51.5000000000       0.0000100161
     52.0000000000       0.0000100161
     52.5000000000       0.0000100161
     53.0000000000       0.0000100161
     53.5000000000       0.0000100161
     54.0000000000       0.0000100161
     54.5000000000       0.0000100161
     55.0000000000       0.0000100161
     55.5000000000       0.0000100161
     56.0000000000       0.0000100161
     56.5000000000       0.0000100161
     57.0000000000       0.0000100161
     57.5000000000       0.0000100161
     58.0000000000       0.0000100161
     58.5000000000       0.0000100161
     59.0000000000       0.0000100161
     59.5000000000       0.0000100161
     60.0000000000       0.0000100161
     60.5000000000       0.0000100161
     61.0000000000       0.0000100161
     61.5000000000       0.0000100161
     62.0000000000       0.0000100161
     62.5000000000       0.0000100161
     63.0000000000       0.0000100161
     63.5000000000       0.0000100161
     64.0000000000       0.0000100161
     64.5000000000       0.0000100161
     65.0000000000       0.0000100161
     65.5000000000       0.0000100161
     66.0000000000       0.0000100161
     66.5000000000       0.0000100161
     67.0000000000       0.0000100161
     67.5000000000       0.0000100161
     68.0000000000       0.0000100161
     68.5000000000       0.0000100161
     69.0000000000       0.0000100161
     69.5000000000       0.0000100161
     70.0000000000       0.0000100161
     70.5000000000       0.0000100161
     71.0000000000       0.0000100161
     71.5000000000       0.0000100161
     72.0000000000       0.0000100161
     72.5000000000       0.0000100161
     73.0000000000       0.0000100161
     73.5000000000       0.0000100161
     74.0000000000       0.0000100161
     74.5000000000       0.0000100161
     75.0000000000       0.0000100162
     75.5000000000       0.0000100162
     76.0000000000       0.0000100162
     76.5000000000       0.0000100163
     77.0000000000       0.0000100163
     77.5000000000       0.0000100164
     78.0000000000       0.0000100165
     78.5000000000       0.0000100165
     79.0000000000       0.0000100166
     79.5000000000       0.0000100168
     80.0000000000       0.0000100169
     80.5000000000       0.0000100171
     81.0000000000       0.0000100173
     81.5000000000       0.0000100175
     82.0000000000       0.0000100178
     82.5000000000       0.0000100181
     83.0000000000       0.0000100184
     83.5000000000       0.0000100188
     84.0000000000       0.0000100193
     84.5000000000       0.0000100198
     85.0000000000       0.0000100203
     85.5000000000       0.0000100209
     86.0000000000       0.0000100216
     86.5000000000       0.0000100223
     87.0000000000       0.0000100231
     87.5000000000       0.0000100239
     88.0000000000       0.0000100247
     88.5000000000       0.0000100253
     89.0000000000       0.0000100259
     89.5000000000       0.0000100261
     90.0000000000       0.0000100259
     90.5000000000       0.0000100249
     91.0000000000       0.0000100228
     91.5000000000       0.0000100189
     92.0000000000       0.0000100125
     92.5000000000       0.0000100023
     93.0000000000       0.0000099868
     93.5000000000       0.0000099635
     94.0000000000       0.0000099291
     94.5000000000       0.0000098790
     95.0000000000       0.0000098069
     95.5000000000       0.0000097043
     96.0000000000       0.0000095599
     96.5000000000       0.0000093597
     97.0000000000       0.0000090868
     97.5000000000       0.0000087235
     98.0000000000       0.0000082531
     98.5000000000       0.0000076660
     99.0000000000       0.0000069646
     99.5000000000       0.0000061688
    100.0000000000       0.0000115750
