  0.0000000000e+00   5.0000000000e-02
  5.0000000000e-01   2.5887624988e-02
  1.0000000000e+00  -1.3292692278e-11
  1.5000000000e+00  -1.9226425683e-12
  2.0000000000e+00  -5.4178775571e-13
  2.5000000000e+00  -2.2111391731e-13
  3.0000000000e+00  -1.1528675070e-13
  3.5000000000e+00  -7.1539972387e-14
  4.0000000000e+00  -5.0472320161e-14
  4.5000000000e+00  -3.9218381710e-14
  5.0000000000e+00  -3.2798494624e-14
  5.5000000000e+00  -2.9020677285e-14
  6.0000000000e+00  -2.6818332846e-14
  6.5000000000e+00  -2.5629495321e-14
  7.0000000000e+00  -2.5138619143e-14
  7.5000000000e+00  -2.5159318574e-14
  8.0000000000e+00  -2.5577103388e-14
  8.5000000000e+00  -2.6319658180e-14
  9.0000000000e+00  -2.7340601663e-14
  9.5000000000e+00  -2.8610213754e-14
  1.0000000000e+01  -3.0109938049e-14
  1.0500000000e+01  -3.1829015563e-14
  1.1000000000e+01  -3.3762365788e-14
  1.1500000000e+01  -3.5909221707e-14
  1.2000000000e+01  -3.8272234200e-14
  1.2500000000e+01  -4.0856876945e-14
  1.3000000000e+01  -4.3671049017e-14
  1.3500000000e+01  -4.6724811148e-14
  1.4000000000e+01  -5.0030215027e-14
  1.4500000000e+01  -5.3601199324e-14
  1.5000000000e+01  -5.7453535167e-14
  1.5500000000e+01  -6.1604809563e-14
  1.6000000000e+01  -6.6074438979e-14
  1.6500000000e+01  -7.0883707806e-14
  1.7000000000e+01  -7.6055828109e-14
  1.7500000000e+01  -8.1616018204e-14
  1.8000000000e+01  -8.7591598457e-14
  1.8500000000e+01  -9.4012103265e-14
  1.9000000000e+01  -1.0090940865e-13
  1.9500000000e+01  -1.0831787528e-13
  2.0000000000e+01  -1.1627450694e-13
  2.0500000000e+01  -1.2481912495e-13
  2.1000000000e+01  -1.3399455894e-13
  2.1500000000e+01  -1.4384685495e-13
  2.2000000000e+01  -1.5442550167e-13
  2.2500000000e+01  -1.6578367583e-13
  2.3000000000e+01  -1.7797850754e-13
  2.3500000000e+01  -1.9107136667e-13
  2.4000000000e+01  -2.0512817088e-13
  2.4500000000e+01  -2.2021971669e-13
  2.5000000000e+01  -2.3642203481e-13
  2.5500000000e+01  -2.5381677159e-13
  2.6000000000e+01  -2.7249159868e-13
  2.6500000000e+01  -2.9254065299e-13
  2.7000000000e+01  -3.1406500953e-13
  2.7500000000e+01  -3.3717318936e-13
  2.8000000000e+01  -3.6198170549e-13
  2.8500000000e+01  -3.8861564920e-13
  2.9000000000e+01  -4.1720931999e-13
  2.9500000000e+01  -4.4790690211e-13
  3.0000000000e+01  -4.8086319104e-13
  3.0500000000e+01  -5.1624437373e-13
  3.1000000000e+01  -5.5422886628e-13
  3.1500000000e+01  -5.9500821345e-13
  3.2000000000e+01  -6.3878805432e-13
  3.2500000000e+01  -6.8578915923e-13
  3.3000000000e+01  -7.3624854291e-13
  3.3500000000e+01  -7.9042065961e-13
  3.4000000000e+01  -8.4857868623e-13
  3.4500000000e+01  -9.1101589982e-13
  3.5000000000e+01  -9.7804715649e-13
  3.5500000000e+01  -1.0500104791e-12
  3.6000000000e+01  -1.1272687618e-12
  3.6500000000e+01  -1.2102116002e-12
  3.7000000000e+01  -1.2992572557e-12
  3.7500000000e+01  -1.3948547647e-12
  3.8000000000e+01  -1.4974862034e-12
  3.8500000000e+01  -1.6076691182e-12
  3.9000000000e+01  -1.7259591361e-12
  3.9500000000e+01  -1.8529527662e-12
  4.0000000000e+01  -1.9892904079e-12
  4.0500000000e+01  -2.1356595804e-12
  4.1000000000e+01  -2.2927983895e-12
  4.1500000000e+01  -2.4614992498e-12
  4.2000000000e+01  -2.6426128806e-12
  4.2500000000e+01  -2.8370525961e-12
  4.3000000000e+01  -3.0457989106e-12
  4.3500000000e+01  -3.2699044835e-12
  4.4000000000e+01  -3.5104994273e-12
  4.4500000000e+01  -3.7687970065e-12
  4.5000000000e+01  -4.0460997560e-12
  4.5500000000e+01  -4.3438060494e-12
  4.6000000000e+01  -4.6634171505e-12
  4.6500000000e+01  -5.0065447840e-12
  4.7000000000e+01  -5.3749192631e-12
  4.7500000000e+01  -5.7703982151e-12
  4.8000000000e+01  -6.1949759486e-12
  4.8500000000e+01  -6.6507935108e-12
  4.9000000000e+01  -7.1401494841e-12
  4.9500000000e+01  -7.6655115773e-12
  5.0000000000e+01  -8.2295290698e-12
  5.0500000000e+01  -8.8350461710e-12
  5.1000000000e+01  -9.4851163636e-12
  5.1500000000e+01  -1.0183017801e-11
  5.2000000000e+01  -1.0932269838e-11
  5.2500000000e+01  -1.1736650780e-11
  5.3000000000e+01  -1.2600216933e-11
  5.3500000000e+01  -1.3527323061e-11
  5.4000000000e+01  -1.4522644346e-11
  5.4500000000e+01  -1.5591199963e-11
  5.5000000000e+01  -1.6738378389e-11
  5.5500000000e+01  -1.7969964581e-11
  5.6000000000e+01  -1.9292169141e-11
  5.6500000000e+01  -2.0711659642e-11
  5.7000000000e+01  -2.2235594244e-11
  5.7500000000e+01  -2.3871657798e-11
  5.8000000000e+01  -2.5628100593e-11
  5.8500000000e+01  -2.7513779963e-11
  5.9000000000e+01  -2.9538204952e-11
  5.9500000000e+01  -3.1711584266e-11
  6.0000000000e+01  -3.4044877755e-11
  6.0500000000e+01  -3.6549851677e-11
  6.1000000000e+01  -3.9239138034e-11
  6.1500000000e+01  -4.2126298276e-11
  6.2000000000e+01  -4.5225891682e-11
  6.2500000000e+01  -4.8553548785e-11
  6.3000000000e+01  -5.2126050189e-11
  6.3500000000e+01  -5.5961411189e-11
  6.4000000000e+01  -6.0078972625e-11
  6.4500000000e+01  -6.4499498404e-11
  6.5000000000e+01  -6.9245280215e-11
  6.5500000000e+01  -7.4340249935e-11
  6.6000000000e+01  -7.9810100318e-11
  6.6500000000e+01  -8.5682414551e-11
  6.7000000000e+01  -9.1986805356e-11
  6.7500000000e+01  -9.8755064315e-11
  6.8000000000e+01  -1.0602132219e-10
  6.8500000000e+01  -1.1382222104e-10
  6.9000000000e+01  -1.2219709899e-10
  6.9500000000e+01  -1.3118818860e-10
  7.0000000000e+01  -1.4084082987e-10
  7.0500000000e+01  -1.5120369882e-10
  7.1000000000e+01  -1.6232905300e-10
  7.1500000000e+01  -1.7427299501e-10
  7.2000000000e+01  -1.8709575536e-10
  7.2500000000e+01  -2.0086199627e-10
  7.3000000000e+01  -2.1564113770e-10
  7.3500000000e+01  -2.3150770744e-10
  7.4000000000e+01  -2.4854171692e-10
  7.4500000000e+01  -2.6682906470e-10
  7.5000000000e+01  -2.8646196964e-10
  7.5500000000e+01  -3.0753943592e-10
  7.6000000000e+01  -3.3016775232e-10
  7.6500000000e+01  -3.5446102817e-10
  7.7000000000e+01  -3.8054176883e-10
  7.7500000000e+01  -4.0854149342e-10
  7.8000000000e+01  -4.3860139802e-10
  7.8500000000e+01  -4.7087306774e-10
  7.9000000000e+01  -5.0551924111e-10
  7.9500000000e+01  -5.4271463067e-10
  8.0000000000e+01  -5.8264680412e-10
  8.0500000000e+01  -6.2551713004e-10
  8.1000000000e+01  -6.7154179346e-10
  8.1500000000e+01  -7.2095288596e-10
  8.2000000000e+01  -7.7399957604e-10
  8.2500000000e+01  -8.3094936567e-10
  8.3000000000e+01  -8.9208943918e-10
  8.3500000000e+01  -9.5772811145e-10
  8.4000000000e+01  -1.0281963827e-09
  8.4500000000e+01  -1.1038496076e-09
  8.5000000000e+01  -1.1850692872e-09
  8.5500000000e+01  -1.2722649929e-09
  8.6000000000e+01  -1.3658764315e-09
  8.6500000000e+01  -1.4663756627e-09
  8.7000000000e+01  -1.5742694798e-09
  8.7500000000e+01  -1.6901019648e-09
  8.8000000000e+01  -1.8144572327e-09
  8.8500000000e+01  -1.9479623766e-09
  8.9000000000e+01  -2.0912906303e-09
  8.9500000000e+01  -2.2451647638e-09
  9.0000000000e+01  -2.4103607275e-09
  9.0500000000e+01  -2.5877115668e-09
  9.1000000000e+01  -2.7781116228e-09
  9.1500000000e+01  -2.9825210444e-09
  9.2000000000e+01  -3.2019706323e-09
  9.2500000000e+01  -3.4375670401e-09
  9.3000000000e+01  -3.6904983613e-09
  9.3500000000e+01  -3.9620401280e-09
  9.4000000000e+01  -4.2535617569e-09
  9.4500000000e+01  -4.5665334743e-09
  9.5000000000e+01  -4.9025337595e-09
  9.5500000000e+01  -5.2632573487e-09
  9.6000000000e+01  -5.6505238449e-09
  9.6500000000e+01  -6.0662869848e-09
  9.7000000000e+01  -6.5126446163e-09
  9.7500000000e+01  -6.9918494415e-09
  9.8000000000e+01  -7.5063205783e-09
  9.8500000000e+01  -8.0586559814e-09
  9.9000000000e+01  -8.6516457496e-09
  9.9500000000e+01  -9.2882863316e-09
  1.0000000000e+02  -9.9717804684e-09
