  0.0000000000e+00   0.0000000000e+00
  5.0000000000e-01   7.9037300942e+01
  1.0000000000e+00   1.2007763948e+02
  1.5000000000e+00   1.6728721562e+02
  2.0000000000e+00   2.1126123725e+02
  2.5000000000e+00   2.4994427719e+02
  3.0000000000e+00   2.8396575870e+02
  3.5000000000e+00   3.1423300540e+02
  4.0000000000e+00   3.4150828140e+02
  4.5000000000e+00   3.6636665066e+02
  5.0000000000e+00   3.8929242700e+02
  5.5000000000e+00   4.1052465814e+02
  6.0000000000e+00   4.3021215163e+02
  6.5000000000e+00   4.4856593236e+02
  7.0000000000e+00   4.6569006181e+02
  7.5000000000e+00   4.8166101939e+02
  8.0000000000e+00   4.9653707636e+02
  8.5000000000e+00   5.1036531964e+02
  9.0000000000e+00   5.2318671318e+02
  9.5000000000e+00   5.3503959436e+02
  1.0000000000e+01   5.4603724807e+02
  1.0500000000e+01   5.5614516318e+02
  1.1000000000e+01   5.6532993178e+02
  1.1500000000e+01   5.7370841947e+02
  1.2000000000e+01   5.8132422333e+02
  1.2500000000e+01   5.8822248024e+02
  1.3000000000e+01   5.9444927443e+02
  1.3500000000e+01   6.0005104087e+02
  1.4000000000e+01   6.0507399171e+02
  1.4500000000e+01   6.0956358912e+02
  1.5000000000e+01   6.1364757043e+02
  1.5500000000e+01   6.1728573773e+02
  1.6000000000e+01   6.2043579700e+02
  1.6500000000e+01   6.2321952526e+02
  1.7000000000e+01   6.2567298158e+02
  1.7500000000e+01   6.2782982811e+02
  1.8000000000e+01   6.2972126887e+02
  1.8500000000e+01   6.3137604699e+02
  1.9000000000e+01   6.3282048672e+02
  1.9500000000e+01   6.3407856960e+02
  2.0000000000e+01   6.3525920843e+02
  2.0500000000e+01   6.3629507812e+02
  2.1000000000e+01   6.3711679682e+02
  2.1500000000e+01   6.3782722851e+02
  2.2000000000e+01   6.3844040019e+02
  2.2500000000e+01   6.3896876529e+02
  2.3000000000e+01   6.3942334239e+02
  2.3500000000e+01   6.3981385033e+02
  2.4000000000e+01   6.4014883694e+02
  2.4500000000e+01   6.4043580022e+02
  2.5000000000e+01   6.4076879833e+02
  2.5500000000e+01   6.4106614135e+02
  2.6000000000e+01   6.4124536166e+02
  2.6500000000e+01   6.4139825429e+02
  2.7000000000e+01   6.4152857675e+02
  2.7500000000e+01   6.4163957313e+02
  2.8000000000e+01   6.4173403996e+02
  2.8500000000e+01   6.4181438450e+02
  2.9000000000e+01   6.4188267625e+02
  2.9500000000e+01   6.4194069233e+02
  3.0000000000e+01   6.4207598539e+02
  3.0500000000e+01   6.4220386331e+02
  3.1000000000e+01   6.4223941349e+02
  3.1500000000e+01   6.4226959285e+02
  3.2000000000e+01   6.4229522376e+02
  3.2500000000e+01   6.4231700229e+02
  3.3000000000e+01   6.4233551836e+02
  3.3500000000e+01   6.4235127218e+02
  3.4000000000e+01   6.4236468821e+02
  3.4500000000e+01   6.4237612694e+02
  3.5000000000e+01   6.4246960963e+02
  3.5500000000e+01   6.4256169407e+02
  3.6000000000e+01   6.4256886842e+02
  3.6500000000e+01   6.4257501037e+02
  3.7000000000e+01   6.4258028670e+02
  3.7500000000e+01   6.4258483509e+02
  3.8000000000e+01   6.4258877052e+02
  3.8500000000e+01   6.4259218969e+02
  3.9000000000e+01   6.4259517452e+02
  3.9500000000e+01   6.4259779482e+02
  4.0000000000e+01   6.4268109749e+02
  4.0500000000e+01   6.4276415211e+02
  4.1000000000e+01   6.4276599157e+02
  4.1500000000e+01   6.4276761634e+02
  4.2000000000e+01   6.4276906576e+02
  4.2500000000e+01   6.4277037031e+02
  4.3000000000e+01   6.4277155487e+02
  4.3500000000e+01   6.4277264044e+02
  4.4000000000e+01   6.4277364530e+02
  4.4500000000e+01   6.4277458579e+02
  4.5000000000e+01   6.4285346569e+02
  4.5500000000e+01   6.4293231069e+02
  4.6000000000e+01   6.4293311694e+02
  4.6500000000e+01   6.4293386074e+02
  4.7000000000e+01   6.4293455826e+02
  4.7500000000e+01   6.4293522064e+02
  4.8000000000e+01   6.4293585665e+02
  4.8500000000e+01   6.4293647392e+02
  4.9000000000e+01   6.4293707961e+02
  4.9500000000e+01   6.4293768076e+02
  5.0000000000e+01   6.4301301045e+02
  5.0500000000e+01   6.4308834732e+02
  5.1000000000e+01   6.4308894294e+02
  5.1500000000e+01   6.4308950738e+02
  5.2000000000e+01   6.4309005274e+02
  5.2500000000e+01   6.4309058675e+02
  5.3000000000e+01   6.4309111542e+02
  5.3500000000e+01   6.4309164420e+02
  5.4000000000e+01   6.4309217851e+02
  5.4500000000e+01   6.4309272408e+02
  5.5000000000e+01   6.4316441738e+02
  5.5500000000e+01   6.4323612772e+02
  5.6000000000e+01   6.4323669930e+02
  5.6500000000e+01   6.4323724786e+02
  5.7000000000e+01   6.4323778507e+02
  5.7500000000e+01   6.4323831830e+02
  5.8000000000e+01   6.4323885337e+02
  5.8500000000e+01   6.4323939571e+02
  5.9000000000e+01   6.4323995088e+02
  5.9500000000e+01   6.4324052493e+02
  6.0000000000e+01   6.4330820742e+02
  6.0500000000e+01   6.4337591013e+02
  6.1000000000e+01   6.4337652191e+02
  6.1500000000e+01   6.4337711384e+02
  6.2000000000e+01   6.4337769815e+02
  6.2500000000e+01   6.4337828272e+02
  6.3000000000e+01   6.4337887387e+02
  6.3500000000e+01   6.4337947769e+02
  6.4000000000e+01   6.4338010056e+02
  6.4500000000e+01   6.4338074950e+02
  6.5000000000e+01   6.4344384533e+02
  6.5500000000e+01   6.4350696344e+02
  6.6000000000e+01   6.4350765877e+02
  6.6500000000e+01   6.4350833642e+02
  6.7000000000e+01   6.4350900986e+02
  6.7500000000e+01   6.4350968799e+02
  6.8000000000e+01   6.4351037820e+02
  6.8500000000e+01   6.4351108779e+02
  6.9000000000e+01   6.4351182452e+02
  6.9500000000e+01   6.4351259701e+02
  7.0000000000e+01   6.4357030472e+02
  7.0500000000e+01   6.4362803764e+02
  7.1000000000e+01   6.4362886839e+02
  7.1500000000e+01   6.4362968413e+02
  7.2000000000e+01   6.4363050044e+02
  7.2500000000e+01   6.4363132799e+02
  7.3000000000e+01   6.4363217601e+02
  7.3500000000e+01   6.4363305378e+02
  7.4000000000e+01   6.4363397138e+02
  7.4500000000e+01   6.4363494007e+02
  7.5000000000e+01   6.4368618861e+02
  7.5500000000e+01   6.4373746826e+02
  7.6000000000e+01   6.4373851678e+02
  7.6500000000e+01   6.4373955506e+02
  7.7000000000e+01   6.4374060227e+02
  7.7500000000e+01   6.4374167221e+02
  7.8000000000e+01   6.4374277732e+02
  7.8500000000e+01   6.4374393040e+02
  7.9000000000e+01   6.4374514551e+02
  7.9500000000e+01   6.4374643843e+02
  8.0000000000e+01   6.4378986822e+02
  8.0500000000e+01   6.4383334253e+02
  8.1000000000e+01   6.4383476026e+02
  8.1500000000e+01   6.4383617839e+02
  8.2000000000e+01   6.4383762253e+02
  8.2500000000e+01   6.4383911239e+02
  8.3000000000e+01   6.4384066649e+02
  8.3500000000e+01   6.4384230430e+02
  8.4000000000e+01   6.4384404739e+02
  8.4500000000e+01   6.4384592005e+02
  8.5000000000e+01   6.4387994552e+02
  8.5500000000e+01   6.4391404907e+02
  8.6000000000e+01   6.4391615279e+02
  8.6500000000e+01   6.4391828543e+02
  8.7000000000e+01   6.4392048516e+02
  8.7500000000e+01   6.4392278394e+02
  8.8000000000e+01   6.4392521324e+02
  8.8500000000e+01   6.4392780677e+02
  8.9000000000e+01   6.4393060208e+02
  8.9500000000e+01   6.4393364162e+02
  9.0000000000e+01   6.4395669414e+02
  9.0500000000e+01   6.4397992243e+02
  9.1000000000e+01   6.4398349142e+02
  9.1500000000e+01   6.4398718470e+02
  9.2000000000e+01   6.4399106828e+02
  9.2500000000e+01   6.4399520372e+02
  9.3000000000e+01   6.4399965487e+02
  9.3500000000e+01   6.4400449161e+02
  9.4000000000e+01   6.4400979230e+02
  9.4500000000e+01   6.4401564574e+02
  9.5000000000e+01   6.4402802544e+02
  9.5500000000e+01   6.4404095052e+02
  9.6000000000e+01   6.4404844454e+02
  9.6500000000e+01   6.4405650897e+02
  9.7000000000e+01   6.4406528835e+02
  9.7500000000e+01   6.4407493708e+02
  9.8000000000e+01   6.4408562598e+02
  9.8500000000e+01   6.4409754737e+02
  9.9000000000e+01   6.4411091962e+02
  9.9500000000e+01   6.4412599194e+02
  1.0000000000e+02   6.4414304826e+02
