      0.0000000000    1994.6154448557
      0.5000000000    2053.5859182739
      1.0000000000    1962.0495381132
      1.5000000000    1849.5558647783
      2.0000000000    1735.6613353462
      2.5000000000    1624.9678295492
      3.0000000000    1518.8735069464
      3.5000000000    1417.8462901554
      4.0000000000    1322.0164013262
      4.5000000000    1231.3681164083
      5.0000000000    1145.7900983082
      5.5000000000    1065.1223858208
      6.0000000000     989.2167398301
      6.5000000000     917.9236696177
      7.0000000000     851.0722419088
      7.5000000000     788.4794136472
      8.0000000000     729.9556628781
      8.5000000000     675.3086873548
      9.0000000000     624.3459841271
      9.5000000000     576.8767297465
     10.0000000000     532.6966459777
     10.5000000000     491.5944904046
     11.0000000000     453.3884524669
     11.5000000000     417.9186908060
     12.0000000000     385.0271798033
     12.5000000000     354.5597371229
     13.0000000000     326.3672208660
     13.5000000000     300.3062477842
     14.0000000000     276.2396157106
     14.5000000000     254.0365321761
     15.0000000000     233.5548437092
     15.5000000000     214.6466816733
     16.0000000000     197.1968469452
     16.5000000000     181.1142172215
     17.0000000000     166.3092826791
     17.5000000000     152.6956908242
     18.0000000000     140.1910286987
     18.5000000000     128.7171920663
     19.0000000000     118.2005204350
     19.5000000000     108.5717945381
     20.0000000000      99.7475092782
     20.5000000000      91.6357028987
     21.0000000000      84.1758846723
     21.5000000000      77.3299034139
     22.0000000000      71.0584992485
     22.5000000000      65.3229479156
     23.0000000000      60.0859146182
     23.5000000000      55.3118881806
     24.0000000000      50.9673828924
     24.5000000000      47.0210077087
     25.0000000000      43.4246544269
     25.5000000000      40.1194807626
     26.0000000000      37.0762650428
     26.5000000000      34.2862569157
     27.0000000000      31.7376219587
     27.5000000000      29.4172021751
     28.0000000000      27.3114749210
     28.5000000000      25.4070858247
     29.0000000000      23.6911450691
     29.5000000000      22.1513874944
     30.0000000000      20.7575201970
     30.5000000000      19.4672408769
     31.0000000000      18.2665302607
     31.5000000000      17.1606537120
     32.0000000000      16.1507636831
     32.5000000000      15.2357130834
     33.0000000000      14.4130728006
     33.5000000000      13.6797240171
     34.0000000000      13.0322125469
     34.5000000000      12.4669646838
     35.0000000000      11.9617540456
     35.5000000000      11.4816990025
     36.0000000000      11.0194804124
     36.5000000000      10.5864931682
     37.0000000000      10.1895620825
     37.5000000000       9.8327670469
     38.0000000000       9.5184840509
     38.5000000000       9.2480050516
     39.0000000000       9.0219206355
     39.5000000000       8.8403635202
     40.0000000000       8.6844500001
     40.5000000000       8.5222559845
     41.0000000000       8.3491947969
     41.5000000000       8.1792583888
     42.0000000000       8.0216755259
     42.5000000000       7.8827348611
     43.0000000000       7.7668345807
     43.5000000000       7.6771147096
     44.0000000000       7.6158531899
     44.5000000000       7.5847226018
     45.0000000000       7.5660234488
     45.5000000000       7.5286691997
     46.0000000000       7.4690792848
     46.5000000000       7.4024329764
     47.0000000000       7.3390463267
     47.5000000000       7.2861954887
     48.0000000000       7.2491731338
     48.5000000000       7.2319292112
     49.0000000000       7.2374754355
     49.5000000000       7.2681497976
     50.0000000000       7.3064380728
     50.5000000000       7.3210128820
     51.0000000000       7.3085677360
     51.5000000000       7.2850027582
     52.0000000000       7.2612662836
     52.5000000000       7.2451884804
     53.0000000000       7.2425492636
     53.5000000000       7.2577293082
     54.0000000000       7.2941231105
     54.5000000000       7.3544105344
     55.0000000000       7.4207411685
     55.5000000000       7.4608789721
     56.0000000000       7.4714649223
     56.5000000000       7.4690529444
     57.0000000000       7.4651316713
     57.5000000000       7.4679815037
     58.0000000000       7.4837617159
     58.5000000000       7.5171762524
     59.0000000000       7.5718979994
     59.5000000000       7.6508488467
     60.0000000000       7.7354922541
     60.5000000000       7.7921376450
     61.0000000000       7.8171916252
     61.5000000000       7.8279626329
     62.0000000000       7.8365391409
     62.5000000000       7.8516839578
     63.0000000000       7.8799493821
     63.5000000000       7.9263635665
     64.0000000000       7.9948698304
     64.5000000000       8.0886178030
     65.0000000000       8.1880706636
     65.5000000000       8.2575226807
     66.0000000000       8.2929908288
     66.5000000000       8.3127094984
     67.0000000000       8.3294900088
     67.5000000000       8.3526647687
     68.0000000000       8.3892393791
     68.5000000000       8.4446058291
     69.0000000000       8.5230012868
     69.5000000000       8.6278134937
     70.0000000000       8.7381624290
     70.5000000000       8.8156773864
     71.0000000000       8.8557911520
     71.5000000000       8.8778572839
     72.0000000000       8.8955538557
     72.5000000000       8.9188862864
     73.0000000000       8.9553840058
     73.5000000000       9.0108465464
     74.0000000000       9.0898265108
     74.5000000000       9.1959528297
     75.0000000000       9.3066038034
     75.5000000000       9.3799686077
     76.0000000000       9.4106124385
     76.5000000000       9.4191816300
     77.0000000000       9.4203563970
     77.5000000000       9.4249122266
     78.0000000000       9.4409649531
     78.5000000000       9.4747545065
     79.0000000000       9.5311566547
     79.5000000000       9.6140282580
     80.0000000000       9.6985950946
     80.5000000000       9.7387662360
     81.0000000000       9.7278461831
     81.5000000000       9.6878793012
     82.0000000000       9.6346589747
     82.5000000000       9.5798276385
     83.0000000000       9.5321648312
     83.5000000000       9.4984095061
     84.0000000000       9.4838042014
     84.5000000000       9.4924670888
     85.0000000000       9.4973529454
     85.5000000000       9.4476397206
     86.0000000000       9.3349868735
     86.5000000000       9.1827982639
     87.0000000000       9.0080855434
     87.5000000000       8.8235400340
     88.0000000000       8.6388336243
     88.5000000000       8.4614679195
     89.0000000000       8.2973485619
     89.5000000000       8.1511866763
     90.0000000000       7.9951864785
     90.5000000000       7.7758790697
     91.0000000000       7.4835368956
     91.5000000000       7.1423000673
     92.0000000000       6.7703246257
     92.5000000000       6.3816265017
     93.0000000000       5.9872821359
     93.5000000000       5.5962378992
     94.0000000000       5.2158727838
     94.5000000000       4.8523998487
     95.0000000000       4.4859488507
     95.5000000000       4.0748753100
     96.0000000000       3.6115203687
     96.5000000000       3.1160904314
     97.0000000000       2.6047860866
     97.5000000000       2.0908269719
     98.0000000000       1.5851372621
     98.5000000000       1.0967991927
     99.0000000000       0.6333382006
     99.5000000000       0.2008768681
