      0.0000000000     217.5140831155
      0.5000000000     283.1347313974
      1.0000000000     325.7528130114
      1.5000000000     363.9332207705
      2.0000000000     399.5893326057
      2.5000000000     432.2263237569
      3.0000000000     461.1667629451
      3.5000000000     485.9183826515
      4.0000000000     506.2126445430
      4.5000000000     521.9754887719
      5.0000000000     533.2848832626
      5.5000000000     540.3338685059
      6.0000000000     543.3973849374
      6.5000000000     542.8018367205
      7.0000000000     538.9030313191
      7.5000000000     532.0701725060
      8.0000000000     522.6734518591
      8.5000000000     511.0746875292
      9.0000000000     497.6204742555
      9.5000000000     482.6373796085
     10.0000000000     466.4287368184
     10.5000000000     449.2726219773
     11.0000000000     431.4208493697
     11.5000000000     413.0989665136
     12.0000000000     394.5070032330
     12.5000000000     375.8206279792
     13.0000000000     357.1925354377
     13.5000000000     338.7539907172
     14.0000000000     320.6164658135
     14.5000000000     302.8733154806
     15.0000000000     285.6013938777
     15.5000000000     268.8624961814
     16.0000000000     252.7047311383
     16.5000000000     237.1640428263
     17.0000000000     222.2658180544
     17.5000000000     208.0263715305
     18.0000000000     194.4542537468
     18.5000000000     181.5514108618
     19.0000000000     169.3142163100
     19.5000000000     157.7343886402
     20.0000000000     146.7997480586
     20.5000000000     136.4947346320
     21.0000000000     126.8008328941
     21.5000000000     117.6971560549
     22.0000000000     109.1611421177
     22.5000000000     101.1691591466
     23.0000000000      93.6969725993
     23.5000000000      86.7201120814
     24.0000000000      80.2141620860
     24.5000000000      74.1549936821
     25.0000000000      68.5188898072
     25.5000000000      63.2824858345
     26.0000000000      58.4226698720
     26.5000000000      53.9166957963
     27.0000000000      49.7424579567
     27.5000000000      45.8787199887
     28.0000000000      42.3052471607
     28.5000000000      39.0028767501
     29.0000000000      35.9535480170
     29.5000000000      33.1403057283
     30.0000000000      30.5472271787
     30.5000000000      28.1591918011
     31.0000000000      25.9616345115
     31.5000000000      23.9405324791
     32.0000000000      22.0825723968
     32.5000000000      20.3752893369
     33.0000000000      18.8071246794
     33.5000000000      17.3674355854
     34.0000000000      16.0464758262
     34.5000000000      14.8353603806
     35.0000000000      13.7259625810
     35.5000000000      12.7106618356
     36.0000000000      11.7820812826
     36.5000000000      10.9330635139
     37.0000000000      10.1568313040
     37.5000000000       9.4471244253
     38.0000000000       8.7982592781
     38.5000000000       8.2051429436
     39.0000000000       7.6632608427
     39.5000000000       7.1686499137
     40.0000000000       6.7178055323
     40.5000000000       6.3074394242
     41.0000000000       5.9342277544
     41.5000000000       5.5947983325
     42.0000000000       5.2859041711
     42.5000000000       5.0045737457
     43.0000000000       4.7481840384
     43.5000000000       4.5144877348
     44.0000000000       4.3016136470
     44.5000000000       4.1080522244
     45.0000000000       3.9325736451
     45.5000000000       3.7739944733
     46.0000000000       3.6309333453
     46.5000000000       3.5018079499
     47.0000000000       3.3850206529
     47.5000000000       3.2791206571
     48.0000000000       3.1828877374
     48.5000000000       3.0953690579
     49.0000000000       3.0158882963
     49.5000000000       2.9440390802
     50.0000000000       2.8796090208
     50.5000000000       2.8223481987
     51.0000000000       2.7717253280
     51.5000000000       2.7269299253
     52.0000000000       2.6870675505
     52.5000000000       2.6513313674
     53.0000000000       2.6190934076
     53.5000000000       2.5899474916
     54.0000000000       2.5637233880
     54.5000000000       2.5404844898
     55.0000000000       2.5204534594
     55.5000000000       2.5037765294
     56.0000000000       2.4902740314
     56.5000000000       2.4794446247
     57.0000000000       2.4706695487
     57.5000000000       2.4633930051
     58.0000000000       2.4572196507
     58.5000000000       2.4519619129
     59.0000000000       2.4476572716
     59.5000000000       2.4445681863
     60.0000000000       2.4431065733
     60.5000000000       2.4435891215
     61.0000000000       2.4459771489
     61.5000000000       2.4498811506
     62.0000000000       2.4547751718
     62.5000000000       2.4601871161
     63.0000000000       2.4658026855
     63.5000000000       2.4715167542
     64.0000000000       2.4774531041
     64.5000000000       2.4839657587
     65.0000000000       2.4915604285
     65.5000000000       2.5006365299
     66.0000000000       2.5112116139
     66.5000000000       2.5229251862
     67.0000000000       2.5352654539
     67.5000000000       2.5477718261
     68.0000000000       2.5601465047
     68.5000000000       2.5723104164
     69.0000000000       2.5844254436
     69.5000000000       2.5968969221
     70.0000000000       2.6102905699
     70.5000000000       2.6250567584
     71.0000000000       2.6412343736
     71.5000000000       2.6584529797
     72.0000000000       2.6761749173
     72.5000000000       2.6939130898
     73.0000000000       2.7113520806
     73.5000000000       2.7284096608
     74.0000000000       2.7452619449
     74.5000000000       2.7623470932
     75.0000000000       2.7802762934
     75.5000000000       2.7995353771
     76.0000000000       2.8201621599
     76.5000000000       2.8417456298
     77.0000000000       2.8636866656
     77.5000000000       2.8854347182
     78.0000000000       2.9066207607
     78.5000000000       2.9271256798
     79.0000000000       2.9471089332
     79.5000000000       2.9670135100
     80.0000000000       2.9874694565
     80.5000000000       3.0089676155
     81.0000000000       3.0315036675
     81.5000000000       3.0545719125
     82.0000000000       3.0774470888
     82.5000000000       3.0994432191
     83.0000000000       3.1200605277
     83.5000000000       3.1390618096
     84.0000000000       3.1565048133
     84.5000000000       3.1727479886
     85.0000000000       3.1883450725
     85.5000000000       3.2036871544
     86.0000000000       3.2186073885
     86.5000000000       3.2323643268
     87.0000000000       3.2439428425
     87.5000000000       3.2523347984
     88.0000000000       3.2566995799
     88.5000000000       3.2564474834
     89.0000000000       3.2512740408
     89.5000000000       3.2411638922
     90.0000000000       3.2262765473
     90.5000000000       3.2065642071
     91.0000000000       3.1813422701
     91.5000000000       3.1492512099
     92.0000000000       3.1085556476
     92.5000000000       3.0574292392
     93.0000000000       2.9941164816
     93.5000000000       2.9170130386
     94.0000000000       2.8246924472
     94.5000000000       2.7158980408
     95.0000000000       2.5894330137
     95.5000000000       2.4438273351
     96.0000000000       2.2769532435
     96.5000000000       2.0859460855
     97.0000000000       1.8674002945
     97.5000000000       1.6175619750
     98.0000000000       1.3324250488
     98.5000000000       1.0077595538
     99.0000000000       0.6390919581
     99.5000000000       0.2216512388
