      0.0000000000    2189.7271583074
      0.5000000000    2108.6784738994
      1.0000000000    1999.7674945507
      1.5000000000    1897.8966455564
      2.0000000000    1810.5505334939
      2.5000000000    1737.5223096892
      3.0000000000    1675.0257185507
      3.5000000000    1618.0972128409
      4.0000000000    1562.3417826699
      4.5000000000    1504.8241143310
      5.0000000000    1464.9828204642
      5.5000000000    1445.0365861024
      6.0000000000    1418.2030077257
      6.5000000000    1382.9161247276
      7.0000000000    1339.3592437573
      7.5000000000    1288.7685071056
      8.0000000000    1232.8534042506
      8.5000000000    1173.3998813795
      9.0000000000    1112.0407318661
      9.5000000000    1050.1494004316
     10.0000000000    1022.9827551944
     10.5000000000    1025.7368303901
     11.0000000000    1016.0618513579
     11.5000000000     995.3682557888
     12.0000000000     965.7334143397
     12.5000000000     929.3907467051
     13.0000000000     888.4248956514
     13.5000000000     844.6239571539
     14.0000000000     799.4341789117
     14.5000000000     753.9729237166
     15.0000000000     746.8221052986
     15.5000000000     771.7207793177
     16.0000000000     781.9011982241
     16.5000000000     779.0509373684
     17.0000000000     765.5179526561
     17.5000000000     743.7785459996
     18.0000000000     716.1245947071
     18.5000000000     684.5157778250
     19.0000000000     650.5382144220
     19.5000000000     615.4227612968
     20.0000000000     619.1950015327
     20.5000000000     655.3566816980
     21.0000000000     675.5813455062
     21.5000000000     681.6524455789
     22.0000000000     676.0446410704
     22.5000000000     661.3677864138
     23.0000000000     640.0392140857
     23.5000000000     614.1286567483
     24.0000000000     585.3147637710
     24.5000000000     554.9042294414
     25.0000000000     563.1212431059
     25.5000000000     603.3936190839
     26.0000000000     627.3222147388
     26.5000000000     636.7558148266
     27.0000000000     634.2232309174
     27.5000000000     622.3773273627
     28.0000000000     603.6686854619
     28.5000000000     580.1924316288
     29.0000000000     553.6466577170
     29.5000000000     525.3531866742
     30.0000000000     534.8316215868
     30.5000000000     575.5213941623
     31.0000000000     599.9821438756
     31.5000000000     610.1027322857
     32.0000000000     608.4120646889
     32.5000000000     597.5403762327
     33.0000000000     579.9057961751
     33.5000000000     557.5694367813
     34.0000000000     532.1983632474
     34.5000000000     505.0883715530
     35.0000000000     514.3860216665
     35.5000000000     553.6259322387
     36.0000000000     577.0959783027
     36.5000000000     586.6980937273
     37.0000000000     584.9181505018
     37.5000000000     574.3156585750
     38.0000000000     557.2302373451
     38.5000000000     535.6485473562
     39.0000000000     511.1730623540
     39.5000000000     485.0467517928
     40.0000000000     493.5123471511
     40.5000000000     530.2825765250
     41.0000000000     551.9938215476
     41.5000000000     560.5338353438
     42.0000000000     558.3089516598
     42.5000000000     547.7699554534
     43.0000000000     531.1429730349
     43.5000000000     510.3103177975
     44.0000000000     486.7855784145
     44.5000000000     461.7398643847
     45.0000000000     469.0616878519
     45.5000000000     502.7225282841
     46.0000000000     522.2391841093
     46.5000000000     529.4583719343
     47.0000000000     526.6743360196
     47.5000000000     516.1968088767
     48.0000000000     500.1095132764
     48.5000000000     480.1662127955
     49.0000000000     457.7722615355
     49.5000000000     434.0119670182
     50.0000000000     440.0239071289
     50.5000000000     470.1158703395
     51.0000000000     487.1545882202
     51.5000000000     492.9193631675
     52.0000000000     489.5624187554
     52.5000000000     479.2237179127
     53.0000000000     463.8194654404
     53.5000000000     444.9541877183
     54.0000000000     423.9086753295
     54.5000000000     401.6679633512
     55.0000000000     406.2718373893
     55.5000000000     432.4383804711
     56.0000000000     446.7982873169
     56.5000000000     451.0374864213
     57.0000000000     447.1383626534
     57.5000000000     437.0452710432
     58.0000000000     422.4847901924
     58.5000000000     404.8942895537
     59.0000000000     385.4160304020
     59.5000000000     364.9252231843
     60.0000000000     368.0625668441
     60.5000000000     390.0264114720
     61.0000000000     401.5666348727
     61.5000000000     404.2501464541
     62.0000000000     399.8637181478
     62.5000000000     390.1330868510
     63.0000000000     376.5760630722
     63.5000000000     360.4476736369
     64.0000000000     342.7400172756
     64.5000000000     324.2098159778
     65.0000000000     325.8551890458
     65.5000000000     343.4202047615
     66.0000000000     352.0595330884
     66.5000000000     353.1955641964
     67.0000000000     348.3959111483
     67.5000000000     339.1478728405
     68.0000000000     326.7447346342
     68.5000000000     312.2471317562
     69.0000000000     296.4880507983
     69.5000000000     280.0992366175
     70.0000000000     280.2654168258
     70.5000000000     293.3364717781
     71.0000000000     299.0677043100
     71.5000000000     298.7113996613
     72.0000000000     293.5951594123
     72.5000000000     284.9520174398
     73.0000000000     273.8392594121
     73.5000000000     261.1150691802
     74.0000000000     247.4477951084
     74.5000000000     233.3404969128
     75.0000000000     232.0942481054
     75.5000000000     240.7175400680
     76.0000000000     243.6372770457
     76.5000000000     241.9098846231
     77.0000000000     236.6058323015
     77.5000000000     228.6935942437
     78.0000000000     218.9889038578
     78.5000000000     208.1449410864
     79.0000000000     196.6646111061
     79.5000000000     184.9224129419
     80.0000000000     182.4111812723
     80.5000000000     186.8386765020
     81.0000000000     187.1931075666
     81.5000000000     184.3099297073
     82.0000000000     178.9913745113
     82.5000000000     171.9393999267
     83.0000000000     163.7313264694
     83.5000000000     154.8207401788
     84.0000000000     145.5510571425
     84.5000000000     136.1737885615
     85.0000000000     132.6543703593
     85.5000000000     133.4177146514
     86.0000000000     131.6481764823
     86.5000000000     127.9391152605
     87.0000000000     122.8238780738
     87.5000000000     116.7487426003
     88.0000000000     110.0683873256
     88.5000000000     103.0534187289
     89.0000000000      95.9030181483
     89.5000000000      88.7586492055
     90.0000000000      84.5923675904
     90.5000000000      82.5235339682
     91.0000000000      79.2549423723
     91.5000000000      75.1281775857
     92.0000000000      70.4241902484
     92.5000000000      65.3624838152
     93.0000000000      60.1073684807
     93.5000000000      54.7769769619
     94.0000000000      49.4525815067
     94.5000000000      44.1870001576
     95.0000000000      39.7755321730
     95.5000000000      35.9377105087
     96.0000000000      31.8621014703
     96.5000000000      27.6537173423
     97.0000000000      23.3847524194
     97.5000000000      19.1015532758
     98.0000000000      14.8308134112
     98.5000000000      10.5846739979
     99.0000000000       6.3647197672
     99.5000000000       2.1649990988
