      0.0000000000     -78.2414611090
      0.5000000000      -8.7242474561
      1.0000000000      -4.5562447397
      1.5000000000      -3.8333598799
      2.0000000000      -3.6246965528
      2.5000000000      -3.5527752204
      3.0000000000      -3.5317803716
      3.5000000000      -3.5341217216
      4.0000000000      -3.5487868314
      4.5000000000      -3.5706876409
      5.0000000000      -3.5938822255
      5.5000000000      -3.6170418955
      6.0000000000      -3.6436790510
      6.5000000000      -3.6724204727
      7.0000000000      -3.7024118651
      7.5000000000      -3.7330599557
      8.0000000000      -3.7638913660
      8.5000000000      -3.7944686176
      9.0000000000      -3.8243357335
      9.5000000000      -3.8529791766
     10.0000000000      -3.8809295884
     10.5000000000      -3.9065064279
     11.0000000000      -3.9314246026
     11.5000000000      -3.9554672484
     12.0000000000      -3.9784961858
     12.5000000000      -4.0003984260
     13.0000000000      -4.0210558727
     13.5000000000      -4.0403281199
     14.0000000000      -4.0580425258
     14.5000000000      -4.0739881396
     15.0000000000      -4.0894600146
     15.5000000000      -4.1024784458
     16.0000000000      -4.1148657787
     16.5000000000      -4.1263594345
     17.0000000000      -4.1368177421
     17.5000000000      -4.1461600818
     18.0000000000      -4.1543346473
     18.5000000000      -4.1613026490
     19.0000000000      -4.1670326896
     19.5000000000      -4.1715018603
     20.0000000000      -4.1762701020
     20.5000000000      -4.1791919357
     21.0000000000      -4.1821100754
     21.5000000000      -4.1846010455
     22.0000000000      -4.1864327856
     22.5000000000      -4.1874824934
     23.0000000000      -4.1876925114
     23.5000000000      -4.1870488271
     24.0000000000      -4.1855737870
     24.5000000000      -4.1833285369
     25.0000000000      -4.1819812556
     25.5000000000      -4.1793323530
     26.0000000000      -4.1771166914
     26.5000000000      -4.1748078437
     27.0000000000      -4.1721118252
     27.5000000000      -4.1688714160
     28.0000000000      -4.1650147361
     28.5000000000      -4.1605300041
     29.0000000000      -4.1554567705
     29.5000000000      -4.1498884971
     30.0000000000      -4.1455373344
     30.5000000000      -4.1402322718
     31.0000000000      -4.1355558644
     31.5000000000      -4.1309408907
     32.0000000000      -4.1260672290
     32.5000000000      -4.1207618138
     33.0000000000      -4.1149449339
     33.5000000000      -4.1086039205
     34.0000000000      -4.1017841066
     34.5000000000      -4.0945917509
     35.0000000000      -4.0887579011
     35.5000000000      -4.0821850848
     36.0000000000      -4.0762918018
     36.5000000000      -4.0705045080
     37.0000000000      -4.0644973813
     37.5000000000      -4.0580930324
     38.0000000000      -4.0512094234
     38.5000000000      -4.0438341430
     39.0000000000      -4.0360160157
     39.5000000000      -4.0278688335
     40.0000000000      -4.0211339211
     40.5000000000      -4.0138090273
     41.0000000000      -4.0071438624
     41.5000000000      -4.0005729704
     42.0000000000      -3.9937734029
     42.5000000000      -3.9865684549
     43.0000000000      -3.9788765707
     43.5000000000      -3.9706870845
     44.0000000000      -3.9620530979
     44.5000000000      -3.9530965098
     45.0000000000      -3.9455669876
     45.5000000000      -3.9375689013
     46.0000000000      -3.9301771324
     46.5000000000      -3.9228383574
     47.0000000000      -3.9152347437
     47.5000000000      -3.9071915913
     48.0000000000      -3.8986288546
     48.5000000000      -3.8895388623
     49.0000000000      -3.8799809566
     49.5000000000      -3.8700883605
     50.0000000000      -3.8616199296
     50.5000000000      -3.8527950552
     51.0000000000      -3.8445039001
     51.5000000000      -3.8362043665
     52.0000000000      -3.8275828093
     52.5000000000      -3.8184659093
     53.0000000000      -3.8087751649
     53.5000000000      -3.7985070074
     54.0000000000      -3.7877297171
     54.5000000000      -3.7765927859
     55.0000000000      -3.7668664202
     55.5000000000      -3.7568940400
     56.0000000000      -3.7473661873
     56.5000000000      -3.7377483444
     57.0000000000      -3.7277282092
     57.5000000000      -3.7171319538
     58.0000000000      -3.7058820030
     58.5000000000      -3.6939800139
     59.0000000000      -3.6815067143
     59.5000000000      -3.6686346331
     60.0000000000      -3.6571482864
     60.5000000000      -3.6455266360
     61.0000000000      -3.6342396511
     61.5000000000      -3.6227544467
     62.0000000000      -3.6107554409
     62.5000000000      -3.5980651617
     63.0000000000      -3.5846057118
     63.5000000000      -3.5703852377
     64.0000000000      -3.5555015773
     64.5000000000      -3.5401595668
     65.0000000000      -3.5261615341
     65.5000000000      -3.5121372287
     66.0000000000      -3.4983080016
     66.5000000000      -3.4841337385
     67.0000000000      -3.4692886114
     67.5000000000      -3.4535866842
     68.0000000000      -3.4369476361
     68.5000000000      -3.4193876083
     69.0000000000      -3.4010279181
     69.5000000000      -3.3821186620
     70.0000000000      -3.3644835499
     70.5000000000      -3.3469229517
     71.0000000000      -3.3293739349
     71.5000000000      -3.3112758581
     72.0000000000      -3.2922820458
     72.5000000000      -3.2721905992
     73.0000000000      -3.2509152032
     73.5000000000      -3.2284816231
     74.0000000000      -3.2050432898
     74.5000000000      -3.1809136726
     75.0000000000      -3.1579398608
     75.5000000000      -3.1351170878
     76.0000000000      -3.1120559863
     76.5000000000      -3.0881544434
     77.0000000000      -3.0630277070
     77.5000000000      -3.0364450127
     78.0000000000      -3.0083066318
     78.5000000000      -2.9786478044
     79.0000000000      -2.9476637501
     79.5000000000      -2.9157543401
     80.0000000000      -2.8847841754
     80.5000000000      -2.8539672670
     81.0000000000      -2.8225420885
     81.5000000000      -2.7898270371
     82.0000000000      -2.7553651955
     82.5000000000      -2.7188676146
     83.0000000000      -2.6801980832
     83.5000000000      -2.6393868363
     84.0000000000      -2.5966684462
     84.5000000000      -2.5525436822
     85.0000000000      -2.5088552562
     85.5000000000      -2.4650363373
     86.0000000000      -2.4198997489
     86.5000000000      -2.3725951663
     87.0000000000      -2.3225030551
     87.5000000000      -2.2691860506
     88.0000000000      -2.2123834737
     88.5000000000      -2.1520380860
     89.0000000000      -2.0883519569
     89.5000000000      -2.0218731080
     90.0000000000      -1.9542709410
     90.5000000000      -1.8851270864
     91.0000000000      -1.8127823715
     91.5000000000      -1.7360462937
     92.0000000000      -1.6539676552
     92.5000000000      -1.5658096669
     93.0000000000      -1.4710728277
     93.5000000000      -1.3695594588
     94.0000000000      -1.2614813532
     94.5000000000      -1.1476174410
     95.0000000000      -1.0296911733
     95.5000000000      -0.9083051066
     96.0000000000      -0.7830538832
     96.5000000000      -0.6544090930
     97.0000000000      -0.5238560357
     97.5000000000      -0.3941950308
     98.0000000000      -0.2699724556
     98.5000000000      -0.1580696345
     99.0000000000      -0.0684901038
     99.5000000000      -0.0153997894
