  0.0000000000e+00   0.0000000000e+00
  5.0000000000e-01   6.9547965433e-01
  1.0000000000e+00   5.4092862003e-01
  1.5000000000e+00   4.2072226003e-01
  2.0000000000e+00   3.2722842447e-01
  2.5000000000e+00   2.5451099681e-01
  3.0000000000e+00   1.9795299752e-01
  3.5000000000e+00   1.5396344251e-01
  4.0000000000e+00   1.1974934418e-01
  4.5000000000e+00   9.3138378804e-02
  5.0000000000e+00   1.0428349434e-01
  5.5000000000e+00   1.1295191754e-01
  6.0000000000e+00   8.7851491419e-02
  6.5000000000e+00   6.8328937770e-02
  7.0000000000e+00   5.3144729377e-02
  7.5000000000e+00   4.1334789515e-02
  8.0000000000e+00   3.2149280734e-02
  8.5000000000e+00   2.5004996126e-02
  9.0000000000e+00   1.9448330321e-02
  9.5000000000e+00   1.5126479138e-02
  1.0000000000e+01   4.6137967462e-02
  1.0500000000e+01   7.0258013936e-02
  1.1000000000e+01   5.4645121950e-02
  1.1500000000e+01   4.2501761517e-02
  1.2000000000e+01   3.3056925624e-02
  1.2500000000e+01   2.5710942152e-02
  1.3000000000e+01   1.9997399452e-02
  1.3500000000e+01   1.5553532907e-02
  1.4000000000e+01   1.2097192261e-02
  1.4500000000e+01   9.4089273140e-03
  1.5000000000e+01   4.3600046647e-02
  1.5500000000e+01   7.0193139461e-02
  1.6000000000e+01   5.4594664025e-02
  1.6500000000e+01   4.2462516464e-02
  1.7000000000e+01   3.3026401694e-02
  1.7500000000e+01   2.5687201318e-02
  1.8000000000e+01   1.9978934358e-02
  1.8500000000e+01   1.5539171167e-02
  1.9000000000e+01   1.2086022019e-02
  1.9500000000e+01   9.4002393482e-03
  2.0000000000e+01   4.4412506258e-02
  2.0500000000e+01   7.1644269411e-02
  2.1000000000e+01   5.5723320653e-02
  2.1500000000e+01   4.3340360508e-02
  2.2000000000e+01   3.3709169284e-02
  2.2500000000e+01   2.6218242776e-02
  2.3000000000e+01   2.0391966604e-02
  2.3500000000e+01   1.5860418470e-02
  2.4000000000e+01   1.2335881032e-02
  2.4500000000e+01   9.5945741359e-03
  2.5000000000e+01   4.4641601449e-02
  2.5500000000e+01   7.1900400471e-02
  2.6000000000e+01   5.5922533700e-02
  2.6500000000e+01   4.3495303989e-02
  2.7000000000e+01   3.3829680880e-02
  2.7500000000e+01   2.6311974018e-02
  2.8000000000e+01   2.0464868680e-02
  2.8500000000e+01   1.5917120085e-02
  2.9000000000e+01   1.2379982288e-02
  2.9500000000e+01   9.6288751130e-03
  3.0000000000e+01   4.4357684608e-02
  3.0500000000e+01   7.1368980881e-02
  3.1000000000e+01   5.5509207352e-02
  3.1500000000e+01   4.3173827940e-02
  3.2000000000e+01   3.3579643954e-02
  3.2500000000e+01   2.6117500853e-02
  3.3000000000e+01   2.0313611774e-02
  3.3500000000e+01   1.5799475825e-02
  3.4000000000e+01   1.2288481197e-02
  3.4500000000e+01   9.5577075976e-03
  3.5000000000e+01   4.3804215745e-02
  3.5500000000e+01   7.0440388749e-02
  3.6000000000e+01   5.4786969027e-02
  3.6500000000e+01   4.2612087021e-02
  3.7000000000e+01   3.3142734350e-02
  3.7500000000e+01   2.5777682272e-02
  3.8000000000e+01   2.0049308434e-02
  3.8500000000e+01   1.5593906560e-02
  3.9000000000e+01   1.2128593991e-02
  3.9500000000e+01   9.4333508818e-03
  4.0000000000e+01   4.3110396538e-02
  4.0500000000e+01   6.9303654271e-02
  4.1000000000e+01   5.3902842211e-02
  4.1500000000e+01   4.1924432831e-02
  4.2000000000e+01   3.2607892202e-02
  4.2500000000e+01   2.5361693935e-02
  4.3000000000e+01   1.9725761949e-02
  4.3500000000e+01   1.5342259294e-02
  4.4000000000e+01   1.1932868340e-02
  4.4500000000e+01   9.2811198197e-03
  4.5000000000e+01   4.2323820130e-02
  4.5500000000e+01   6.8023698150e-02
  4.6000000000e+01   5.2907320783e-02
  4.6500000000e+01   4.1150138387e-02
  4.7000000000e+01   3.2005663190e-02
  4.7500000000e+01   2.4893293592e-02
  4.8000000000e+01   1.9361450572e-02
  4.8500000000e+01   1.5058906000e-02
  4.9000000000e+01   1.1712482445e-02
  4.9500000000e+01   9.1097085680e-03
  5.0000000000e+01   4.1448477130e-02
  5.0500000000e+01   6.6600852679e-02
  5.1000000000e+01   5.1800663195e-02
  5.1500000000e+01   4.0289404707e-02
  5.2000000000e+01   3.1336203661e-02
  5.2500000000e+01   2.4372602847e-02
  5.3000000000e+01   1.8956468881e-02
  5.3500000000e+01   1.4743920241e-02
  5.4000000000e+01   1.1467493521e-02
  5.4500000000e+01   8.9191616273e-03
  5.5000000000e+01   4.0463611366e-02
  5.5500000000e+01   6.4998183384e-02
  5.6000000000e+01   5.0554142632e-02
  5.6500000000e+01   3.9319888714e-02
  5.7000000000e+01   3.0582135666e-02
  5.7500000000e+01   2.3786105518e-02
  5.8000000000e+01   1.8500304292e-02
  5.8500000000e+01   1.4389125560e-02
  5.9000000000e+01   1.1191542103e-02
  5.9500000000e+01   8.7045327465e-03
  6.0000000000e+01   3.9329227637e-02
  6.0500000000e+01   6.3148434775e-02
  6.1000000000e+01   4.9115449269e-02
  6.1500000000e+01   3.8200904987e-02
  6.2000000000e+01   2.9711814990e-02
  6.2500000000e+01   2.3109189437e-02
  6.3000000000e+01   1.7973814006e-02
  6.3500000000e+01   1.3979633116e-02
  6.4000000000e+01   1.0873047979e-02
  6.4500000000e+01   8.4568150949e-03
  6.5000000000e+01   3.7983394726e-02
  6.5500000000e+01   6.0948512217e-02
  6.6000000000e+01   4.7404398391e-02
  6.6500000000e+01   3.6870087638e-02
  6.7000000000e+01   2.8676734829e-02
  6.7500000000e+01   2.2304127089e-02
  6.8000000000e+01   1.7347654403e-02
  6.8500000000e+01   1.3492620091e-02
  6.9000000000e+01   1.0494260071e-02
  6.9500000000e+01   8.1622022773e-03
  7.0000000000e+01   3.6333278598e-02
  7.0500000000e+01   5.8244115737e-02
  7.1000000000e+01   4.5300978907e-02
  7.1500000000e+01   3.5234094705e-02
  7.2000000000e+01   2.7404295882e-02
  7.2500000000e+01   2.1314452352e-02
  7.3000000000e+01   1.6577907385e-02
  7.3500000000e+01   1.2893927966e-02
  7.4000000000e+01   1.0028610640e-02
  7.4500000000e+01   7.8000304981e-03
  7.5000000000e+01   3.4239373109e-02
  7.5500000000e+01   5.4803306251e-02
  7.6000000000e+01   4.2624793751e-02
  7.6500000000e+01   3.3152617362e-02
  7.7000000000e+01   2.5785369059e-02
  7.7500000000e+01   2.0055287046e-02
  7.8000000000e+01   1.5598556591e-02
  7.8500000000e+01   1.2132210682e-02
  7.9000000000e+01   9.4361638639e-03
  7.9500000000e+01   7.3392385608e-03
  8.0000000000e+01   3.1488468222e-02
  8.0500000000e+01   5.0271202403e-02
  8.1000000000e+01   3.9099824091e-02
  8.1500000000e+01   3.0410974293e-02
  8.2000000000e+01   2.3652980006e-02
  8.2500000000e+01   1.8396762227e-02
  8.3000000000e+01   1.4308592843e-02
  8.3500000000e+01   1.1128905545e-02
  8.4000000000e+01   8.6558154236e-03
  8.4500000000e+01   6.7323008850e-03
  8.5000000000e+01   2.7731340854e-02
  8.5500000000e+01   4.4063927497e-02
  8.6000000000e+01   3.4271943609e-02
  8.6500000000e+01   2.6655956140e-02
  8.7000000000e+01   2.0732410331e-02
  8.7500000000e+01   1.6125208035e-02
  8.8000000000e+01   1.2541828472e-02
  8.8500000000e+01   9.7547554781e-03
  8.9000000000e+01   7.5870320385e-03
  8.9500000000e+01   5.9010249189e-03
  9.0000000000e+01   2.2261437937e-02
  9.0500000000e+01   3.4986203618e-02
  9.1000000000e+01   2.7211491703e-02
  9.1500000000e+01   2.1164493546e-02
  9.2000000000e+01   1.6461272758e-02
  9.2500000000e+01   1.2803212145e-02
  9.3000000000e+01   9.9580538909e-03
  9.3500000000e+01   7.7451530262e-03
  9.4000000000e+01   6.0240079093e-03
  9.4500000000e+01   4.6853394850e-03
  9.5000000000e+01   1.3321081130e-02
  9.5500000000e+01   2.0037769077e-02
  9.6000000000e+01   1.5584931504e-02
  9.6500000000e+01   1.2121613392e-02
  9.7000000000e+01   9.4279215271e-03
  9.7500000000e+01   7.3328278544e-03
  9.8000000000e+01   5.7033105534e-03
  9.8500000000e+01   4.4359082082e-03
  9.9000000000e+01   3.4501508286e-03
  9.9500000000e+01   2.6834506445e-03
  1.0000000000e+02   2.2244228336e-03
