  0.0000000000e+00   5.0000000000e-01
  5.0000000000e-01   3.0459221236e-01
  1.0000000000e+00   5.9632103644e-02
  1.5000000000e+00   1.9605257165e-02
  2.0000000000e+00   8.8261355249e-03
  2.5000000000e+00   4.9263228228e-03
  3.0000000000e+00   3.2118861566e-03
  3.5000000000e+00   2.3509659267e-03
  4.0000000000e+00   1.8783958620e-03
  4.5000000000e+00   1.6048580828e-03
  5.0000000000e+00   1.3985927662e-03
  5.5000000000e+00   1.1937570961e-03
  6.0000000000e+00   1.0343570588e-03
  6.5000000000e+00   9.4061375465e-04
  7.0000000000e+00   8.8785599311e-04
  7.5000000000e+00   8.6256717640e-04
  8.0000000000e+00   8.5691882138e-04
  8.5000000000e+00   8.6617444833e-04
  9.0000000000e+00   8.8737362182e-04
  9.5000000000e+00   9.1862728017e-04
  1.0000000000e+01   9.2440776855e-04
  1.0500000000e+01   8.7831455195e-04
  1.1000000000e+01   8.2610190760e-04
  1.1500000000e+01   8.0033673125e-04
  1.2000000000e+01   7.9336587036e-04
  1.2500000000e+01   8.0057442240e-04
  1.3000000000e+01   8.1908435761e-04
  1.3500000000e+01   8.4706101118e-04
  1.4000000000e+01   8.8332550436e-04
  1.4500000000e+01   9.2712914989e-04
  1.5000000000e+01   9.4097015246e-04
  1.5500000000e+01   8.9653614765e-04
  1.6000000000e+01   8.4334431387e-04
  1.6500000000e+01   8.1711938522e-04
  1.7000000000e+01   8.1006231134e-04
  1.7500000000e+01   8.1746952452e-04
  1.8000000000e+01   8.3640739506e-04
  1.8500000000e+01   8.6500570706e-04
  1.9000000000e+01   9.0206274019e-04
  1.9500000000e+01   9.4681537101e-04
  2.0000000000e+01   9.6014441813e-04
  2.0500000000e+01   9.1266716268e-04
  2.1000000000e+01   8.5615381503e-04
  2.1500000000e+01   8.2776094176e-04
  2.2000000000e+01   8.1925432723e-04
  2.2500000000e+01   8.2568395567e-04
  2.3000000000e+01   8.4396962316e-04
  2.3500000000e+01   8.7215023287e-04
  2.4000000000e+01   9.0896568757e-04
  2.4500000000e+01   9.5361423996e-04
  2.5000000000e+01   9.6661467674e-04
  2.5500000000e+01   9.1835426286e-04
  2.6000000000e+01   8.6106940097e-04
  2.6500000000e+01   8.3219971088e-04
  2.7000000000e+01   8.2340677110e-04
  2.7500000000e+01   8.2968078016e-04
  2.8000000000e+01   8.4790561402e-04
  2.8500000000e+01   8.7609777616e-04
  2.9000000000e+01   9.1298279598e-04
  2.9500000000e+01   9.5774952372e-04
  3.0000000000e+01   9.7105960524e-04
  3.0500000000e+01   9.2335444931e-04
  3.1000000000e+01   8.6663270972e-04
  3.1500000000e+01   8.3823188562e-04
  3.2000000000e+01   8.2987832239e-04
  3.2500000000e+01   8.3659524704e-04
  3.3000000000e+01   8.5528443904e-04
  3.3500000000e+01   8.8397283273e-04
  3.4000000000e+01   9.2139262467e-04
  3.4500000000e+01   9.6673744602e-04
  3.5000000000e+01   9.8081051849e-04
  3.5500000000e+01   9.3405716598e-04
  3.6000000000e+01   8.7822649033e-04
  3.6500000000e+01   8.5060733037e-04
  3.7000000000e+01   8.4302319118e-04
  3.7500000000e+01   8.5054557768e-04
  3.8000000000e+01   8.7010177767e-04
  3.8500000000e+01   8.9973333559e-04
  3.9000000000e+01   9.3818182422e-04
  3.9500000000e+01   9.8464783170e-04
  4.0000000000e+01   9.9983354767e-04
  4.0500000000e+01   9.5397924174e-04
  4.1000000000e+01   8.9889705650e-04
  4.1500000000e+01   8.7208518496e-04
  4.2000000000e+01   8.6543115410e-04
  4.2500000000e+01   8.7403270673e-04
  4.3000000000e+01   8.9482799567e-04
  4.3500000000e+01   9.2586356649e-04
  4.4000000000e+01   9.6588428147e-04
  4.4500000000e+01   1.0140941428e-03
  4.5000000000e+01   1.0307421526e-03
  4.5500000000e+01   9.8557730081e-04
  4.6000000000e+01   9.3093098813e-04
  4.6500000000e+01   9.0486567383e-04
  4.7000000000e+01   8.9927349715e-04
  4.7500000000e+01   9.0924108571e-04
  4.8000000000e+01   9.3169351358e-04
  4.8500000000e+01   9.6466690699e-04
  4.9000000000e+01   1.0068996480e-03
  4.9500000000e+01   1.0575932873e-03
  5.0000000000e+01   1.0761297112e-03
  5.0500000000e+01   1.0314291984e-03
  5.1000000000e+01   9.7687585954e-04
  5.1500000000e+01   9.5151296747e-04
  5.2000000000e+01   9.4716818557e-04
  5.2500000000e+01   9.5887349804e-04
  5.3000000000e+01   9.8351297401e-04
  5.3500000000e+01   1.0190943524e-03
  5.4000000000e+01   1.0643381973e-03
  5.4500000000e+01   1.1184368709e-03
  5.5000000000e+01   1.1394369587e-03
  5.5500000000e+01   1.0950402364e-03
  5.6000000000e+01   1.0402815296e-03
  5.6500000000e+01   1.0156625992e-03
  5.7000000000e+01   1.0128740634e-03
  5.7500000000e+01   1.0268467846e-03
  5.8000000000e+01   1.0543937170e-03
  5.8500000000e+01   1.0934747965e-03
  5.9000000000e+01   1.1427806223e-03
  5.9500000000e+01   1.2014873610e-03
  6.0000000000e+01   1.2257734559e-03
  6.0500000000e+01   1.1816649455e-03
  6.1000000000e+01   1.1265199841e-03
  6.1500000000e+01   1.1028540755e-03
  6.2000000000e+01   1.1021476050e-03
  6.2500000000e+01   1.1191821592e-03
  6.3000000000e+01   1.1506679118e-03
  6.3500000000e+01   1.1944965328e-03
  6.4000000000e+01   1.2493160649e-03
  6.4500000000e+01   1.3142796193e-03
  6.5000000000e+01   1.3430826882e-03
  6.5500000000e+01   1.2995274070e-03
  6.6000000000e+01   1.2440595074e-03
  6.6500000000e+01   1.2218666603e-03
  6.7000000000e+01   1.2241489982e-03
  6.7500000000e+01   1.2454907474e-03
  6.8000000000e+01   1.2824670032e-03
  6.8500000000e+01   1.3328803164e-03
  6.9000000000e+01   1.3953237829e-03
  6.9500000000e+01   1.4689214977e-03
  7.0000000000e+01   1.5041747773e-03
  7.0500000000e+01   1.4619951917e-03
  7.1000000000e+01   1.4067814468e-03
  7.1500000000e+01   1.3871831810e-03
  7.2000000000e+01   1.3940624947e-03
  7.2500000000e+01   1.4217630719e-03
  7.3000000000e+01   1.4666949030e-03
  7.3500000000e+01   1.5265522672e-03
  7.4000000000e+01   1.5998629610e-03
  7.4500000000e+01   1.6857188641e-03
  7.5000000000e+01   1.7306297469e-03
  7.5500000000e+01   1.6918124706e-03
  7.6000000000e+01   1.6385563695e-03
  7.6500000000e+01   1.6239078430e-03
  7.7000000000e+01   1.6383676757e-03
  7.7500000000e+01   1.6760136986e-03
  7.8000000000e+01   1.7330713671e-03
  7.8500000000e+01   1.8071153052e-03
  7.9000000000e+01   1.8966047553e-03
  7.9500000000e+01   2.0006036830e-03
  8.0000000000e+01   2.0608530100e-03
  8.0500000000e+01   2.0299736620e-03
  8.1000000000e+01   1.9829930346e-03
  8.1500000000e+01   1.9783689515e-03
  8.2000000000e+01   2.0063065399e-03
  8.2500000000e+01   2.0606442803e-03
  8.3000000000e+01   2.1374371512e-03
  8.3500000000e+01   2.2341534683e-03
  8.4000000000e+01   2.3492016668e-03
  8.4500000000e+01   2.4816420788e-03
  8.5000000000e+01   2.5681737939e-03
  8.5500000000e+01   2.5561481097e-03
  8.6000000000e+01   2.5264283775e-03
  8.6500000000e+01   2.5435604184e-03
  8.7000000000e+01   2.5977528031e-03
  8.7500000000e+01   2.6827785371e-03
  8.8000000000e+01   2.7946368914e-03
  8.8500000000e+01   2.9307787483e-03
  8.9000000000e+01   3.0896418773e-03
  8.9500000000e+01   3.2703634752e-03
  9.0000000000e+01   3.4070679903e-03
  9.0500000000e+01   3.4431789658e-03
  9.1000000000e+01   3.4618696675e-03
  9.1500000000e+01   3.5319380047e-03
  9.2000000000e+01   3.6445831940e-03
  9.2500000000e+01   3.7941522316e-03
  9.3000000000e+01   3.9770374840e-03
  9.3500000000e+01   4.1910171415e-03
  9.4000000000e+01   4.4348482011e-03
  9.4500000000e+01   4.7080085719e-03
  9.5000000000e+01   4.9582553965e-03
  9.5500000000e+01   5.1384305637e-03
  9.6000000000e+01   5.3135363048e-03
  9.6500000000e+01   5.5406939724e-03
  9.7000000000e+01   5.8151879741e-03
  9.7500000000e+01   6.1341542149e-03
  9.8000000000e+01   6.4960482435e-03
  9.8500000000e+01   6.9003065166e-03
  9.9000000000e+01   7.3471261124e-03
  9.9500000000e+01   7.8373192045e-03
  1.0000000000e+02   8.3709617632e-03
