  0.0000000000e+00   0.0000000000e+00
  5.0000000000e-01   5.8768691599e+01
  1.0000000000e+00   1.0122272165e+02
  1.5000000000e+00   1.3662948070e+02
  2.0000000000e+00   1.7103459157e+02
  2.5000000000e+00   2.0461646424e+02
  3.0000000000e+00   2.3694683516e+02
  3.5000000000e+00   2.6779173098e+02
  4.0000000000e+00   2.9712698854e+02
  4.5000000000e+00   3.2505251362e+02
  5.0000000000e+00   3.5465115810e+02
  5.5000000000e+00   3.8519187607e+02
  6.0000000000e+00   4.1492792590e+02
  6.5000000000e+00   4.4480339993e+02
  7.0000000000e+00   4.7344409669e+02
  7.5000000000e+00   5.0046895491e+02
  8.0000000000e+00   5.2584011645e+02
  8.5000000000e+00   5.4961963162e+02
  9.0000000000e+00   5.7188809533e+02
  9.5000000000e+00   5.9272011626e+02
  1.0000000000e+01   6.1233474135e+02
  1.0500000000e+01   6.3066286847e+02
  1.1000000000e+01   6.4761580813e+02
  1.1500000000e+01   6.6337192114e+02
  1.2000000000e+01   6.7796260015e+02
  1.2500000000e+01   6.9142651212e+02
  1.3000000000e+01   7.0380730642e+02
  1.3500000000e+01   7.1515249736e+02
  1.4000000000e+01   7.2551271314e+02
  1.4500000000e+01   7.3494102130e+02
  1.5000000000e+01   7.4365108926e+02
  1.5500000000e+01   7.5154760823e+02
  1.6000000000e+01   7.5853322230e+02
  1.6500000000e+01   7.6481860878e+02
  1.7000000000e+01   7.7045596130e+02
  1.7500000000e+01   7.7549688092e+02
  1.8000000000e+01   7.7999153070e+02
  1.8500000000e+01   7.8398808103e+02
  1.9000000000e+01   7.8753233980e+02
  1.9500000000e+01   7.9066751149e+02
  2.0000000000e+01   7.9358997310e+02
  2.0500000000e+01   7.9618338017e+02
  2.1000000000e+01   7.9832806489e+02
  2.1500000000e+01   8.0021112927e+02
  2.2000000000e+01   8.0186124283e+02
  2.2500000000e+01   8.0330454317e+02
  2.3000000000e+01   8.0456472813e+02
  2.3500000000e+01   8.0566318436e+02
  2.4000000000e+01   8.0661913685e+02
  2.4500000000e+01   8.0744980816e+02
  2.5000000000e+01   8.0831458626e+02
  2.5500000000e+01   8.0908362539e+02
  2.6000000000e+01   8.0962542967e+02
  2.6500000000e+01   8.1009460276e+02
  2.7000000000e+01   8.1050053174e+02
  2.7500000000e+01   8.1085145959e+02
  2.8000000000e+01   8.1115461405e+02
  2.8500000000e+01   8.1141632237e+02
  2.9000000000e+01   8.1164211570e+02
  2.9500000000e+01   8.1183682381e+02
  3.0000000000e+01   8.1213542693e+02
  3.0500000000e+01   8.1241092968e+02
  3.1000000000e+01   8.1253581155e+02
  3.1500000000e+01   8.1264356171e+02
  3.2000000000e+01   8.1273656664e+02
  3.2500000000e+01   8.1281687610e+02
  3.3000000000e+01   8.1288625545e+02
  3.3500000000e+01   8.1294622675e+02
  3.4000000000e+01   8.1299810333e+02
  3.4500000000e+01   8.1304301963e+02
  3.5000000000e+01   8.1320099056e+02
  3.5500000000e+01   8.1335384113e+02
  3.6000000000e+01   8.1338324428e+02
  3.6500000000e+01   8.1340883398e+02
  3.7000000000e+01   8.1343115533e+02
  3.7500000000e+01   8.1345066737e+02
  3.8000000000e+01   8.1346776182e+02
  3.8500000000e+01   8.1348277535e+02
  3.9000000000e+01   8.1349599873e+02
  3.9500000000e+01   8.1350768444e+02
  4.0000000000e+01   8.1362716358e+02
  4.0500000000e+01   8.1374550625e+02
  4.1000000000e+01   8.1375372397e+02
  4.1500000000e+01   8.1376104468e+02
  4.2000000000e+01   8.1376759878e+02
  4.2500000000e+01   8.1377349193e+02
  4.3000000000e+01   8.1377881390e+02
  4.3500000000e+01   8.1378364290e+02
  4.4000000000e+01   8.1378804821e+02
  4.4500000000e+01   8.1379209215e+02
  4.5000000000e+01   8.1389642669e+02
  4.5500000000e+01   8.1400049123e+02
  4.6000000000e+01   8.1400368812e+02
  4.6500000000e+01   8.1400662731e+02
  4.7000000000e+01   8.1400935061e+02
  4.7500000000e+01   8.1401188893e+02
  4.8000000000e+01   8.1401426833e+02
  4.8500000000e+01   8.1401651242e+02
  4.9000000000e+01   8.1401864352e+02
  4.9500000000e+01   8.1402068334e+02
  5.0000000000e+01   8.1411565832e+02
  5.0500000000e+01   8.1421056540e+02
  5.1000000000e+01   8.1421237050e+02
  5.1500000000e+01   8.1421407222e+02
  5.2000000000e+01   8.1421569275e+02
  5.2500000000e+01   8.1421724671e+02
  5.3000000000e+01   8.1421874627e+02
  5.3500000000e+01   8.1422020297e+02
  5.4000000000e+01   8.1422162862e+02
  5.4500000000e+01   8.1422303565e+02
  5.5000000000e+01   8.1431035656e+02
  5.5500000000e+01   8.1439766433e+02
  5.6000000000e+01   8.1439900419e+02
  5.6500000000e+01   8.1440028562e+02
  5.7000000000e+01   8.1440152608e+02
  5.7500000000e+01   8.1440273649e+02
  5.8000000000e+01   8.1440392580e+02
  5.8500000000e+01   8.1440510282e+02
  5.9000000000e+01   8.1440627689e+02
  5.9500000000e+01   8.1440745830e+02
  6.0000000000e+01   8.1448763569e+02
  6.0500000000e+01   8.1456781830e+02
  6.1000000000e+01   8.1456899046e+02
  6.1500000000e+01   8.1457012109e+02
  6.2000000000e+01   8.1457122673e+02
  6.2500000000e+01   8.1457231767e+02
  6.3000000000e+01   8.1457340243e+02
  6.3500000000e+01   8.1457448949e+02
  6.4000000000e+01   8.1457558803e+02
  6.4500000000e+01   8.1457670828e+02
  6.5000000000e+01   8.1464970743e+02
  6.5500000000e+01   8.1472272004e+02
  6.6000000000e+01   8.1472385890e+02
  6.6500000000e+01   8.1472496485e+02
  6.7000000000e+01   8.1472605492e+02
  6.7500000000e+01   8.1472714001e+02
  6.8000000000e+01   8.1472822929e+02
  6.8500000000e+01   8.1472933200e+02
  6.9000000000e+01   8.1473045826e+02
  6.9500000000e+01   8.1473161941e+02
  7.0000000000e+01   8.1479701392e+02
  7.0500000000e+01   8.1486242782e+02
  7.1000000000e+01   8.1486362902e+02
  7.1500000000e+01   8.1486480360e+02
  7.2000000000e+01   8.1486597028e+02
  7.2500000000e+01   8.1486714154e+02
  7.3000000000e+01   8.1486832817e+02
  7.3500000000e+01   8.1486954124e+02
  7.4000000000e+01   8.1487079289e+02
  7.4500000000e+01   8.1487209681e+02
  7.5000000000e+01   8.1492910243e+02
  7.5500000000e+01   8.1498613507e+02
  7.6000000000e+01   8.1498750628e+02
  7.6500000000e+01   8.1498885797e+02
  7.7000000000e+01   8.1499021223e+02
  7.7500000000e+01   8.1499158456e+02
  7.8000000000e+01   8.1499298893e+02
  7.8500000000e+01   8.1499443980e+02
  7.9000000000e+01   8.1499595320e+02
  7.9500000000e+01   8.1499754721e+02
  8.0000000000e+01   8.1504505228e+02
  8.0500000000e+01   8.1509259902e+02
  8.1000000000e+01   8.1509430941e+02
  8.1500000000e+01   8.1509601263e+02
  8.2000000000e+01   8.1509773708e+02
  8.2500000000e+01   8.1509950423e+02
  8.3000000000e+01   8.1510133417e+02
  8.3500000000e+01   8.1510324809e+02
  8.4000000000e+01   8.1510526953e+02
  8.4500000000e+01   8.1510742513e+02
  8.5000000000e+01   8.1514409306e+02
  8.5500000000e+01   8.1518083753e+02
  8.6000000000e+01   8.1518322004e+02
  8.6500000000e+01   8.1518562536e+02
  8.7000000000e+01   8.1518809459e+02
  8.7500000000e+01   8.1519066168e+02
  8.8000000000e+01   8.1519335989e+02
  8.8500000000e+01   8.1519622491e+02
  8.9000000000e+01   8.1519929654e+02
  8.9500000000e+01   8.1520261980e+02
  9.0000000000e+01   8.1522715571e+02
  9.0500000000e+01   8.1525186837e+02
  9.1000000000e+01   8.1525572456e+02
  9.1500000000e+01   8.1525970129e+02
  9.2000000000e+01   8.1526386794e+02
  9.2500000000e+01   8.1526828870e+02
  9.3000000000e+01   8.1527302997e+02
  9.3500000000e+01   8.1527816437e+02
  9.4000000000e+01   8.1528377332e+02
  9.4500000000e+01   8.1528994913e+02
  9.5000000000e+01   8.1530297356e+02
  9.5500000000e+01   8.1531655341e+02
  9.6000000000e+01   8.1532440006e+02
  9.6500000000e+01   8.1533282401e+02
  9.7000000000e+01   8.1534197469e+02
  9.7500000000e+01   8.1535201134e+02
  9.8000000000e+01   8.1536310991e+02
  9.8500000000e+01   8.1537546840e+02
  9.9000000000e+01   8.1538931162e+02
  9.9500000000e+01   8.1540489603e+02
  1.0000000000e+02   8.1542251379e+02
