      0.0000000000    1604.4399887234
      0.5000000000    1754.4097213649
      1.0000000000    1832.6621263330
      1.5000000000    1865.5812730257
      2.0000000000    1870.7033565793
      2.5000000000    1859.1011303531
      3.0000000000    1837.7551278515
      3.5000000000    1811.1642453067
      4.0000000000    1782.3010512397
      4.5000000000    1753.1690191538
      5.0000000000    1709.8594059228
      5.5000000000    1638.2161615247
      6.0000000000    1548.9828414603
      6.5000000000    1456.0244043305
      7.0000000000    1364.2162655561
      7.5000000000    1275.5172972126
      8.0000000000    1190.7615781135
      8.5000000000    1110.2998904760
      9.0000000000    1034.2663667489
      9.5000000000     962.6886167457
     10.0000000000     895.3512960893
     10.5000000000     831.9050532217
     11.0000000000     772.2277960157
     11.5000000000     716.3074850110
     12.0000000000     664.0538184126
     12.5000000000     615.3368764667
     13.0000000000     570.0065516299
     13.5000000000     527.9030593184
     14.0000000000     488.8630040884
     14.5000000000     452.7230739154
     15.0000000000     419.2044185220
     15.5000000000     387.9613871066
     16.0000000000     358.8320917677
     16.5000000000     331.7684112885
     17.0000000000     306.6916518182
     17.5000000000     283.5084229298
     18.0000000000     262.1190597925
     18.5000000000     242.4223104105
     19.0000000000     224.3180334088
     19.5000000000     207.7087792423
     20.0000000000     192.4089765484
     20.5000000000     178.1813881179
     21.0000000000     164.9317967470
     21.5000000000     152.6553271969
     22.0000000000     141.3236834462
     22.5000000000     130.8969111675
     23.0000000000     121.3296019940
     23.5000000000     112.5743142239
     24.0000000000     104.5835165939
     24.5000000000      97.3107096145
     25.0000000000      90.6409605807
     25.5000000000      84.4180587981
     26.0000000000      78.5935849288
     26.5000000000      73.1868587200
     27.0000000000      68.1985638583
     27.5000000000      63.6194594022
     28.0000000000      59.4350265179
     28.5000000000      55.6280635457
     29.0000000000      52.1801858945
     29.5000000000      49.0727133147
     30.0000000000      46.2322614307
     30.5000000000      43.5513970139
     31.0000000000      41.0057962805
     31.5000000000      38.6238819960
     32.0000000000      36.4189975222
     32.5000000000      34.3959967764
     33.0000000000      32.5548185125
     33.5000000000      30.8925204279
     34.0000000000      29.4044824948
     34.5000000000      28.0851409974
     35.0000000000      26.8835215591
     35.5000000000      25.7196324494
     36.0000000000      24.5805400493
     36.5000000000      23.4963614171
     37.0000000000      22.4846971168
     37.5000000000      21.5558308955
     38.0000000000      20.7155945019
     38.5000000000      19.9670258595
     39.0000000000      19.3113693591
     39.5000000000      18.7487007145
     40.0000000000      18.2399811238
     40.5000000000      17.7206592889
     41.0000000000      17.1828788735
     41.5000000000      16.6556117601
     42.0000000000      16.1571442798
     42.5000000000      15.6993638546
     43.0000000000      15.2901516543
     43.5000000000      14.9347859474
     44.0000000000      14.6368008655
     44.5000000000      14.3985315735
     45.0000000000      14.1874669266
     45.5000000000      13.9479910393
     46.0000000000      13.6744285292
     46.5000000000      13.3939204330
     47.0000000000      13.1242232541
     47.5000000000      12.8773836384
     48.0000000000      12.6618114615
     48.5000000000      12.4835083252
     49.0000000000      12.3468271818
     49.5000000000      12.2549598642
     50.0000000000      12.1790957940
     50.5000000000      12.0689060251
     51.0000000000      11.9196070048
     51.5000000000      11.7566807670
     52.0000000000      11.5971389982
     52.5000000000      11.4527800553
     53.0000000000      11.3320434644
     53.5000000000      11.2411182721
     54.0000000000      11.1846339677
     54.5000000000      11.1661074812
     55.0000000000      11.1588430900
     55.5000000000      11.1155669292
     56.0000000000      11.0317957434
     56.5000000000      10.9317985920
     57.0000000000      10.8320012363
     57.5000000000      10.7439559089
     58.0000000000      10.6760468384
     58.5000000000      10.6345174217
     59.0000000000      10.6241150645
     59.5000000000      10.6485111280
     60.0000000000      10.6821222497
     60.5000000000      10.6791848186
     61.0000000000      10.6352026316
     61.5000000000      10.5737253007
     62.0000000000      10.5108676598
     62.5000000000      10.4580832225
     63.0000000000      10.4237707137
     63.5000000000      10.4142489591
     64.0000000000      10.4343730500
     64.5000000000      10.4879380780
     65.0000000000      10.5497361570
     65.5000000000      10.5742841760
     66.0000000000      10.5568464407
     66.5000000000      10.5207182341
     67.0000000000      10.4819974050
     67.5000000000      10.4522263202
     68.0000000000      10.4399363634
     68.5000000000      10.4515927212
     69.0000000000      10.4921957541
     69.5000000000      10.5656775141
     70.0000000000      10.6465749188
     70.5000000000      10.6885682189
     71.0000000000      10.6864433245
     71.5000000000      10.6636515365
     72.0000000000      10.6365483329
     72.5000000000      10.6169486708
     73.0000000000      10.6136365984
     73.5000000000      10.6332971795
     74.0000000000      10.6811144622
     74.5000000000      10.7611685673
     75.0000000000      10.8471388079
     75.5000000000      10.8907558549
     76.0000000000      10.8860114920
     76.5000000000      10.8568463776
     77.0000000000      10.8201073466
     77.5000000000      10.7880411568
     78.0000000000      10.7697868312
     78.5000000000      10.7723074312
     79.0000000000      10.8009940515
     79.5000000000      10.8600706692
     80.0000000000      10.9218006733
     80.5000000000      10.9348761584
     81.0000000000      10.8920763922
     81.5000000000      10.8180554645
     82.0000000000      10.7303382979
     82.5000000000      10.6417506300
     83.0000000000      10.5618984019
     83.5000000000      10.4981060090
     84.0000000000      10.4560335274
     84.5000000000      10.4400964564
     85.0000000000      10.4209250795
     85.5000000000      10.3435476516
     86.0000000000      10.1991341454
     86.5000000000      10.0131092014
     87.0000000000       9.8038488723
     87.5000000000       9.5849922672
     88.0000000000       9.3668845735
     88.5000000000       9.1575140708
     89.0000000000       8.9631428812
     89.5000000000       8.7887459558
     90.0000000000       8.6048203830
     90.5000000000       8.3547549707
     91.0000000000       8.0283927365
     91.5000000000       7.6513896397
     92.0000000000       7.2429733586
     92.5000000000       6.8179427941
     93.0000000000       6.3879642505
     93.5000000000       5.9624417690
     94.0000000000       5.5491199028
     94.5000000000       5.1545122317
     95.0000000000       4.7578587106
     95.5000000000       4.3156825446
     96.0000000000       3.8200679142
     96.5000000000       3.2921899931
     97.0000000000       2.7489986690
     97.5000000000       2.2043053626
     98.0000000000       1.6695067197
     98.5000000000       1.1540606725
     99.0000000000       0.6657830205
     99.5000000000       0.2110042460
