      0.0000000000     -42.0669587330
      0.5000000000      22.1156405344
      1.0000000000      91.9006100921
      1.5000000000     158.5214698323
      2.0000000000     220.9784793954
      2.5000000000     279.6357830256
      3.0000000000     334.8867221970
      3.5000000000     387.0231082581
      4.0000000000     436.2956904949
      4.5000000000     482.9717230884
      5.0000000000     523.3149475330
      5.5000000000     553.4661500836
      6.0000000000     575.4069011917
      6.5000000000     591.9135061532
      7.0000000000     603.8467376902
      7.5000000000     611.5619400111
      8.0000000000     615.2946721676
      8.5000000000     615.2853047789
      9.0000000000     611.8227655576
      9.5000000000     605.2448110822
     10.0000000000     595.9076924947
     10.5000000000     584.1692206326
     11.0000000000     570.3733174758
     11.5000000000     554.8411472913
     12.0000000000     537.8733030674
     12.5000000000     519.7513075899
     13.0000000000     500.7369275208
     13.5000000000     481.0711843961
     14.0000000000     460.9736925160
     14.5000000000     440.6424766923
     15.0000000000     420.2538763330
     15.5000000000     399.9619419195
     16.0000000000     379.8981384920
     16.5000000000     360.1727734809
     17.0000000000     340.8776346712
     17.5000000000     322.0884565619
     18.0000000000     303.8668872552
     18.5000000000     286.2621502129
     19.0000000000     269.3125037727
     19.5000000000     253.0465543631
     20.0000000000     237.4841639738
     20.5000000000     222.6365635667
     21.0000000000     208.5063813463
     21.5000000000     195.0887620576
     22.0000000000     182.3732450363
     22.5000000000     170.3453759281
     23.0000000000     158.9878327658
     23.5000000000     148.2812473584
     24.0000000000     138.2048270003
     24.5000000000     128.7368401873
     25.0000000000     119.8547843720
     25.5000000000     111.5349493584
     26.0000000000     103.7519246528
     26.5000000000      96.4789603803
     27.0000000000      89.6889392499
     27.5000000000      83.3551788731
     28.0000000000      77.4518945613
     28.5000000000      71.9544595289
     29.0000000000      66.8395421519
     29.5000000000      62.0851683387
     30.0000000000      57.6705647870
     30.5000000000      53.5755549839
     31.0000000000      49.7799331645
     31.5000000000      46.2635312357
     32.0000000000      43.0067935867
     32.5000000000      39.9912459842
     33.0000000000      37.1997197255
     33.5000000000      34.6164345168
     34.0000000000      32.2270002585
     34.5000000000      30.0183738136
     35.0000000000      27.9786505144
     35.5000000000      26.0965003808
     36.0000000000      24.3605930368
     36.5000000000      22.7595978728
     37.0000000000      21.2826124160
     37.5000000000      19.9195158672
     38.0000000000      18.6611302498
     38.5000000000      17.4992712588
     39.0000000000      16.4267368001
     39.5000000000      15.4372620408
     40.0000000000      14.5253370951
     40.5000000000      13.6857230208
     41.0000000000      12.9129574187
     41.5000000000      12.2013522526
     42.0000000000      11.5453622258
     42.5000000000      10.9398939810
     43.0000000000      10.3804531360
     43.5000000000       9.8631976859
     44.0000000000       9.3849381554
     44.5000000000       8.9431089182
     45.0000000000       8.5356179587
     45.5000000000       8.1604280022
     46.0000000000       7.8151257317
     46.5000000000       7.4969265927
     47.0000000000       7.2030106098
     47.5000000000       6.9308081205
     48.0000000000       6.6781421944
     48.5000000000       6.4432874319
     49.0000000000       6.2249806271
     49.5000000000       6.0224049200
     50.0000000000       5.8350620984
     50.5000000000       5.6623972281
     51.0000000000       5.5034096449
     51.5000000000       5.3566620386
     52.0000000000       5.2205946839
     52.5000000000       5.0937956071
     53.0000000000       4.9751396819
     53.5000000000       4.8638504893
     54.0000000000       4.7595172139
     54.5000000000       4.6620863960
     55.0000000000       4.5717477735
     55.5000000000       4.4885851859
     56.0000000000       4.4122121949
     56.5000000000       4.3417823023
     57.0000000000       4.2762887415
     57.5000000000       4.2148244992
     58.0000000000       4.1567190718
     58.5000000000       4.1016019423
     59.0000000000       4.0494229838
     59.5000000000       4.0004484826
     60.0000000000       3.9551543680
     60.5000000000       3.9138908644
     61.0000000000       3.8765301103
     61.5000000000       3.8424756316
     62.0000000000       3.8109539766
     62.5000000000       3.7812697618
     63.0000000000       3.7529419059
     63.5000000000       3.7257686408
     64.0000000000       3.6998502923
     64.5000000000       3.6755879122
     65.0000000000       3.6535798204
     65.5000000000       3.6342904426
     66.0000000000       3.6176999945
     66.5000000000       3.6033121523
     67.0000000000       3.5904434864
     67.5000000000       3.5784787577
     68.0000000000       3.5670090904
     68.5000000000       3.5558993294
     69.0000000000       3.5453130499
     69.5000000000       3.5357131103
     70.0000000000       3.5277585687
     70.5000000000       3.5219696312
     71.0000000000       3.5183706519
     71.5000000000       3.5164951307
     72.0000000000       3.5156786451
     72.5000000000       3.5153197022
     73.0000000000       3.5150227223
     73.5000000000       3.5146690831
     74.0000000000       3.5144447377
     74.5000000000       3.5148424858
     75.0000000000       3.5165568577
     75.5000000000       3.5201376841
     76.0000000000       3.5256178655
     76.5000000000       3.5325144398
     77.0000000000       3.5401302939
     77.5000000000       3.5478258412
     78.0000000000       3.5551699044
     78.5000000000       3.5620160395
     79.0000000000       3.5685333435
     79.5000000000       3.5752103570
     80.0000000000       3.5827457082
     80.5000000000       3.5916831932
     81.0000000000       3.6020156030
     81.5000000000       3.6131794435
     82.0000000000       3.6243693782
     82.5000000000       3.6348252308
     83.0000000000       3.6439934852
     83.5000000000       3.6516101957
     84.0000000000       3.6577352072
     84.5000000000       3.6627570925
     85.0000000000       3.6672775367
     85.5000000000       3.6717226994
     86.0000000000       3.6759155785
     86.5000000000       3.6790592432
     87.0000000000       3.6800629813
     87.5000000000       3.6778450919
     88.0000000000       3.6715049939
     88.5000000000       3.6604118225
     89.0000000000       3.6442401620
     89.5000000000       3.6229731315
     90.0000000000       3.5967801453
     90.5000000000       3.5656110033
     91.0000000000       3.5287408458
     91.5000000000       3.4847305006
     92.0000000000       3.4317435253
     92.5000000000       3.3678472399
     93.0000000000       3.2911828929
     93.5000000000       3.2000494748
     94.0000000000       3.0929308769
     94.5000000000       2.9684864062
     95.0000000000       2.8254347124
     95.5000000000       2.6622045710
     96.0000000000       2.4765323223
     96.5000000000       2.2653786817
     97.0000000000       2.0251328139
     97.5000000000       1.7518123978
     98.0000000000       1.4411626402
     98.5000000000       1.0886842748
     99.0000000000       0.6896113694
     99.5000000000       0.2388533161
