      0.0000000000    2501.0514150788
      0.5000000000    2579.7482620255
      1.0000000000    2612.0388643600
      1.5000000000    2594.6078232955
      2.0000000000    2533.7905319932
      2.5000000000    2438.5897669412
      3.0000000000    2318.1688650286
      3.5000000000    2180.7192114362
      4.0000000000    2032.9529478508
      4.5000000000    1879.9948069802
      5.0000000000    1772.2017854380
      5.5000000000    1681.7924670472
      6.0000000000    1591.8969974295
      6.5000000000    1506.2523956773
      7.0000000000    1424.7267738608
      7.5000000000    1346.1969725448
      8.0000000000    1269.6991396652
      8.5000000000    1194.8231834330
      9.0000000000    1121.6802483197
      9.5000000000    1050.6608619530
     10.0000000000     991.7282408311
     10.5000000000     945.4654429013
     11.0000000000     900.0887339652
     11.5000000000     854.9160239292
     12.0000000000     809.7563153106
     12.5000000000     764.7433880727
     13.0000000000     720.1783680380
     13.5000000000     676.4131697428
     14.0000000000     633.7783385792
     14.5000000000     592.5464162516
     15.0000000000     567.8387391846
     15.5000000000     558.6930984241
     16.0000000000     546.3337205746
     16.5000000000     530.4665008597
     17.0000000000     511.3897740633
     17.5000000000     489.7203351900
     18.0000000000     466.1861695622
     18.5000000000     441.4950475814
     19.0000000000     416.2652507418
     19.5000000000     390.9989443708
     20.0000000000     385.3674905747
     20.5000000000     397.7239375675
     21.0000000000     403.9332237081
     21.5000000000     403.9370257659
     22.0000000000     398.3735028908
     22.5000000000     388.2266026389
     23.0000000000     374.5716861486
     23.5000000000     358.4208809929
     24.0000000000     340.6464807999
     24.5000000000     321.9560691297
     25.0000000000     325.5224325247
     25.5000000000     349.0488857786
     26.0000000000     364.3497981651
     26.5000000000     371.6310140909
     27.0000000000     371.8368924192
     27.5000000000     366.2483091160
     28.0000000000     356.2022870489
     28.5000000000     342.9282974098
     29.0000000000     327.4722612833
     29.5000000000     310.6768532248
     30.0000000000     318.2033212605
     30.5000000000     347.1282474549
     31.0000000000     366.3952824123
     31.5000000000     376.4797233134
     32.0000000000     378.5871739247
     32.5000000000     374.2243805271
     33.0000000000     364.9109669142
     33.5000000000     352.0178620527
     34.0000000000     336.6975140644
     34.5000000000     319.8712779288
     35.0000000000     328.7737750411
     35.5000000000     359.9419014257
     36.0000000000     380.5220199692
     36.5000000000     391.2329696876
     37.0000000000     393.4855032404
     37.5000000000     388.9447439624
     38.0000000000     379.2460766746
     38.5000000000     365.8420712026
     39.0000000000     349.9413828574
     39.5000000000     332.5034047979
     40.0000000000     341.4929691578
     40.5000000000     373.0294707831
     41.0000000000     393.4647448009
     41.5000000000     403.7214841533
     42.0000000000     405.3571483006
     42.5000000000     400.1328292323
     43.0000000000     389.7417217634
     43.5000000000     375.6683502165
     44.0000000000     359.1371158074
     44.5000000000     341.1136597259
     45.0000000000     349.4916538471
     45.5000000000     380.1098095611
     46.0000000000     399.4854778878
     46.5000000000     408.7004148512
     47.0000000000     409.4008135478
     47.5000000000     403.3850052554
     48.0000000000     392.3511113281
     48.5000000000     377.7712262852
     49.0000000000     360.8499587349
     49.5000000000     342.5316966909
     50.0000000000     349.8694934029
     50.5000000000     378.5639419900
     51.0000000000     396.2211703411
     51.5000000000     404.0348691307
     52.0000000000     403.6828834074
     52.5000000000     396.9446299840
     53.0000000000     385.4734616498
     53.5000000000     370.6878341408
     54.0000000000     353.7398822397
     54.5000000000     335.5276712347
     55.0000000000     341.5335046421
     55.5000000000     367.4638965568
     56.0000000000     382.8883484272
     56.5000000000     389.0638234579
     57.0000000000     387.6439156697
     57.5000000000     380.3355016164
     58.0000000000     368.7004318267
     58.5000000000     354.0651858505
     59.0000000000     337.4992769293
     59.5000000000     319.8314924091
     60.0000000000     324.3004368775
     60.5000000000     346.7609583399
     61.0000000000     359.5490427800
     61.5000000000     363.9351421273
     62.0000000000     361.4945475749
     62.5000000000     353.8112648988
     63.0000000000     342.3126179085
     63.5000000000     328.1983050271
     64.0000000000     312.4281467847
     64.5000000000     295.7412308790
     65.0000000000     298.5413139920
     65.5000000000     316.9693158925
     66.0000000000     326.8289373213
     66.5000000000     329.3536281858
     67.0000000000     325.9892219041
     67.5000000000     318.1511265132
     68.0000000000     307.0941456553
     68.5000000000     293.8611175982
     69.0000000000     279.2791776374
     69.5000000000     263.9806233109
     70.0000000000     265.0567144555
     70.5000000000     279.0640270986
     71.0000000000     285.8343230449
     71.5000000000     286.5133476344
     72.0000000000     282.3706460986
     72.5000000000     274.6137116380
     73.0000000000     264.2936898843
     73.5000000000     252.2728511862
     74.0000000000     239.2281139445
     74.5000000000     225.6723305665
     75.0000000000     225.0625718254
     75.5000000000     234.4877623397
     76.0000000000     238.1747790062
     76.5000000000     237.1315553763
     77.0000000000     232.4109203707
     77.5000000000     224.9820954465
     78.0000000000     215.6708165262
     78.5000000000     205.1437045333
     79.0000000000     193.9172698564
     79.5000000000     182.3781953923
     80.0000000000     180.2410196630
     80.5000000000     185.2228878305
     81.0000000000     186.0488062763
     81.5000000000     183.5413512971
     82.0000000000     178.5060190841
     82.5000000000     171.6561453772
     83.0000000000     163.5832504407
     83.5000000000     154.7549150388
     84.0000000000     145.5268829817
     84.5000000000     136.1608186738
     85.0000000000     132.8006015026
     85.5000000000     133.8525384348
     86.0000000000     132.2973915759
     86.5000000000     128.7323295195
     87.0000000000     123.7003555427
     87.5000000000     117.6593264614
     88.0000000000     110.9751520345
     88.5000000000     103.9282287205
     89.0000000000      96.7257224511
     89.5000000000      89.5153095268
     90.0000000000      85.3659585839
     90.5000000000      83.3781129538
     91.0000000000      80.1492654768
     91.5000000000      76.0280161797
     92.0000000000      71.3028001344
     92.5000000000      66.1999758310
     93.0000000000      60.8896054735
     93.5000000000      55.4943699224
     94.0000000000      50.0989769984
     94.5000000000      44.7587381386
     95.0000000000      40.2961016483
     95.5000000000      36.4231699643
     96.0000000000      32.3023604466
     96.5000000000      28.0419608131
     97.0000000000      23.7166635758
     97.5000000000      19.3746182630
     98.0000000000      15.0437485758
     98.5000000000      10.7369784983
     99.0000000000       6.4563389460
     99.5000000000       2.1960781853
