  0.0000000000e+00   5.0000000000e-01
  5.0000000000e-01   5.3238591266e-01
  1.0000000000e+00   5.5717228392e-01
  1.5000000000e+00   5.7434609057e-01
  2.0000000000e+00   5.8696423643e-01
  2.5000000000e+00   5.9640528577e-01
  3.0000000000e+00   6.0334938072e-01
  3.5000000000e+00   6.0817939127e-01
  4.0000000000e+00   6.1115479194e-01
  4.5000000000e+00   6.1248947559e-01
  5.0000000000e+00   6.1165072617e-01
  5.5000000000e+00   6.0729093239e-01
  6.0000000000e+00   5.9912423197e-01
  6.5000000000e+00   5.8820593211e-01
  7.0000000000e+00   5.7541499143e-01
  7.5000000000e+00   5.6114431838e-01
  8.0000000000e+00   5.4564259334e-01
  8.5000000000e+00   5.2911152173e-01
  9.0000000000e+00   5.1173574026e-01
  9.5000000000e+00   4.9369148698e-01
  1.0000000000e+01   4.7513570491e-01
  1.0500000000e+01   4.5619772181e-01
  1.1000000000e+01   4.3700768831e-01
  1.1500000000e+01   4.1771228886e-01
  1.2000000000e+01   3.9845194963e-01
  1.2500000000e+01   3.7934834903e-01
  1.3000000000e+01   3.6050722774e-01
  1.3500000000e+01   3.4202000777e-01
  1.4000000000e+01   3.2396493966e-01
  1.4500000000e+01   3.0640807576e-01
  1.5000000000e+01   2.8939546353e-01
  1.5500000000e+01   2.7294802908e-01
  1.6000000000e+01   2.5708301239e-01
  1.6500000000e+01   2.4182845499e-01
  1.7000000000e+01   2.2720994708e-01
  1.7500000000e+01   2.1324270945e-01
  1.8000000000e+01   1.9993411587e-01
  1.8500000000e+01   1.8728535789e-01
  1.9000000000e+01   1.7529264642e-01
  1.9500000000e+01   1.6394814046e-01
  2.0000000000e+01   1.5323391460e-01
  2.0500000000e+01   1.4311784688e-01
  2.1000000000e+01   1.3357008477e-01
  2.1500000000e+01   1.2457418008e-01
  2.2000000000e+01   1.1611657198e-01
  2.2500000000e+01   1.0818008520e-01
  2.3000000000e+01   1.0074553209e-01
  2.3500000000e+01   9.3792658265e-02
  2.4000000000e+01   8.7300736231e-02
  2.4500000000e+01   8.1248957562e-02
  2.5000000000e+01   7.5611516316e-02
  2.5500000000e+01   7.0354125665e-02
  2.6000000000e+01   6.5446296489e-02
  2.6500000000e+01   6.0869678553e-02
  2.7000000000e+01   5.6609843883e-02
  2.7500000000e+01   5.2651070253e-02
  2.8000000000e+01   4.8977341956e-02
  2.8500000000e+01   4.5572883492e-02
  2.9000000000e+01   4.2422448179e-02
  2.9500000000e+01   3.9511471991e-02
  3.0000000000e+01   3.6822086341e-02
  3.0500000000e+01   3.4330221684e-02
  3.1000000000e+01   3.2015095179e-02
  3.1500000000e+01   2.9865744009e-02
  3.2000000000e+01   2.7874566766e-02
  3.2500000000e+01   2.6033139374e-02
  3.3000000000e+01   2.4332916631e-02
  3.3500000000e+01   2.2765591933e-02
  3.4000000000e+01   2.1323278668e-02
  3.4500000000e+01   1.9998595120e-02
  3.5000000000e+01   1.8781372652e-02
  3.5500000000e+01   1.7656223823e-02
  3.6000000000e+01   1.6610256840e-02
  3.6500000000e+01   1.5638473207e-02
  3.7000000000e+01   1.4738523382e-02
  3.7500000000e+01   1.3907255928e-02
  3.8000000000e+01   1.3141266968e-02
  3.8500000000e+01   1.2437184615e-02
  3.9000000000e+01   1.1791814283e-02
  3.9500000000e+01   1.1202208566e-02
  4.0000000000e+01   1.0662858672e-02
  4.0500000000e+01   1.0163592046e-02
  4.1000000000e+01   9.6961427323e-03
  4.1500000000e+01   9.2588179294e-03
  4.2000000000e+01   8.8520649836e-03
  4.2500000000e+01   8.4755160992e-03
  4.3000000000e+01   8.1284494054e-03
  4.3500000000e+01   7.8100331734e-03
  4.4000000000e+01   7.5194550043e-03
  4.4500000000e+01   7.2559880577e-03
  4.5000000000e+01   7.0165066720e-03
  4.5500000000e+01   6.7936048765e-03
  4.6000000000e+01   6.5814137945e-03
  4.6500000000e+01   6.3797890156e-03
  4.7000000000e+01   6.1904162806e-03
  4.7500000000e+01   6.0141845981e-03
  4.8000000000e+01   5.8515894206e-03
  4.8500000000e+01   5.7029505068e-03
  4.9000000000e+01   5.5685304322e-03
  4.9500000000e+01   5.4485981609e-03
  5.0000000000e+01   5.3411562411e-03
  5.0500000000e+01   5.2402004925e-03
  5.1000000000e+01   5.1410424228e-03
  5.1500000000e+01   5.0441870571e-03
  5.2000000000e+01   4.9517935605e-03
  5.2500000000e+01   4.8652609945e-03
  5.3000000000e+01   4.7855913789e-03
  5.3500000000e+01   4.7135887702e-03
  5.4000000000e+01   4.6499695617e-03
  5.4500000000e+01   4.5954232407e-03
  5.5000000000e+01   4.5484701686e-03
  5.5500000000e+01   4.5038033747e-03
  5.6000000000e+01   4.4572991034e-03
  5.6500000000e+01   4.4097097253e-03
  5.7000000000e+01   4.3633504648e-03
  5.7500000000e+01   4.3198143718e-03
  5.8000000000e+01   4.2803074410e-03
  5.8500000000e+01   4.2458343981e-03
  5.9000000000e+01   4.2173029011e-03
  5.9500000000e+01   4.1955818384e-03
  6.0000000000e+01   4.1794278855e-03
  6.0500000000e+01   4.1638626293e-03
  6.1000000000e+01   4.1450117488e-03
  6.1500000000e+01   4.1237130702e-03
  6.2000000000e+01   4.1023332065e-03
  6.2500000000e+01   4.0825471467e-03
  6.3000000000e+01   4.0656545057e-03
  6.3500000000e+01   4.0527564830e-03
  6.4000000000e+01   4.0448560325e-03
  6.4500000000e+01   4.0429144868e-03
  6.5000000000e+01   4.0457957475e-03
  6.5500000000e+01   4.0486380238e-03
  6.6000000000e+01   4.0476382582e-03
  6.6500000000e+01   4.0436632908e-03
  6.7000000000e+01   4.0391192099e-03
  6.7500000000e+01   4.0357409705e-03
  6.8000000000e+01   4.0348967743e-03
  6.8500000000e+01   4.0377599220e-03
  6.9000000000e+01   4.0454069052e-03
  6.9500000000e+01   4.0588733263e-03
  7.0000000000e+01   4.0770698589e-03
  7.0500000000e+01   4.0951095735e-03
  7.1000000000e+01   4.1091414119e-03
  7.1500000000e+01   4.1200486565e-03
  7.2000000000e+01   4.1303049385e-03
  7.2500000000e+01   4.1417236996e-03
  7.3000000000e+01   4.1557560382e-03
  7.3500000000e+01   4.1736605245e-03
  7.4000000000e+01   4.1966009830e-03
  7.4500000000e+01   4.2257027148e-03
  7.5000000000e+01   4.2598970067e-03
  7.5500000000e+01   4.2941639063e-03
  7.6000000000e+01   4.3245106412e-03
  7.6500000000e+01   4.3518429121e-03
  7.7000000000e+01   4.3787497214e-03
  7.7500000000e+01   4.4071639460e-03
  7.8000000000e+01   4.4386572384e-03
  7.8500000000e+01   4.4746101299e-03
  7.9000000000e+01   4.5163110010e-03
  7.9500000000e+01   4.5650135622e-03
  8.0000000000e+01   4.6196711493e-03
  8.0500000000e+01   4.6750537840e-03
  8.1000000000e+01   4.7269540213e-03
  8.1500000000e+01   4.7763166801e-03
  8.2000000000e+01   4.8259075340e-03
  8.2500000000e+01   4.8778393193e-03
  8.3000000000e+01   4.9338646315e-03
  8.3500000000e+01   4.9955474026e-03
  8.4000000000e+01   5.0643640179e-03
  8.4500000000e+01   5.1417628249e-03
  8.5000000000e+01   5.2267697706e-03
  8.5500000000e+01   5.3139483589e-03
  8.6000000000e+01   5.3988640365e-03
  8.6500000000e+01   5.4825331256e-03
  8.7000000000e+01   5.5679697956e-03
  8.7500000000e+01   5.6575515708e-03
  8.8000000000e+01   5.7533055632e-03
  8.8500000000e+01   5.8570795108e-03
  8.9000000000e+01   5.9706445586e-03
  8.9500000000e+01   6.0957569234e-03
  9.0000000000e+01   6.2317159677e-03
  9.0500000000e+01   6.3732101340e-03
  9.1000000000e+01   6.5158387936e-03
  9.1500000000e+01   6.6607747632e-03
  9.2000000000e+01   6.8113406822e-03
  9.2500000000e+01   6.9702943557e-03
  9.3000000000e+01   7.1400881182e-03
  9.3500000000e+01   7.3230288059e-03
  9.4000000000e+01   7.5213768772e-03
  9.4500000000e+01   7.7374078862e-03
  9.5000000000e+01   7.9715011085e-03
  9.5500000000e+01   8.2203571552e-03
  9.6000000000e+01   8.4812717651e-03
  9.6500000000e+01   8.7559599285e-03
  9.7000000000e+01   9.0479973179e-03
  9.7500000000e+01   9.3606590660e-03
  9.8000000000e+01   9.6970857791e-03
  9.8500000000e+01   1.0060392956e-02
  9.9000000000e+01   1.0453743835e-02
  9.9500000000e+01   1.0880398676e-02
  1.0000000000e+02   1.1343702576e-02
